hoge
6 4
start EnumRec 0
0
original
0300
3020
0202
0020
reordering
0200
2020
0203
0030



original
0301
3010
0102
1020
reordering
0201
2010
0103
1030



original
0301
3020
0201
1010
reordering
0101
1020
0203
1030



original
0111
1020
1202
1020
reordering
0201
2021
0201
1110



original
0210
2020
1202
0020
reordering
0200
2021
0202
0120



original
0211
2010
1102
1020
reordering
0201
2011
0102
1120



original
0211
2020
1201
1010
reordering
0101
1021
0202
1120



original
0102
1020
0202
2020
original
0202
2010
0102
2020
original
0202
2020
0201
2010
original
0101
1030
0302
1020
reordering
0201
2030
0301
1010



original
0200
2030
0302
0020
reordering
0200
2030
0302
0020



original
0201
2030
0301
1010
reordering
0101
1030
0302
1020



original
0101
1021
0202
1120
reordering
0211
2020
1201
1010



original
0200
2021
0202
0120
reordering
0210
2020
1202
0020



original
0201
2011
0102
1120
reordering
0211
2010
1102
1020



original
0201
2021
0201
1110
reordering
0111
1020
1202
1020



original
0101
1020
0203
1030
reordering
0301
3020
0201
1010



original
0200
2020
0203
0030
reordering
0300
3020
0202
0020



original
0201
2010
0103
1030
reordering
0301
3010
0102
1020



5
0201
2020
0202
1020



child:
0301
3010
0102
1020



original
0301
3010
0102
1020
reordering
0201
2010
0103
1030



tmp:
0201
2020
0202
1020



start EnumRec 1
5
original
0400
4010
0102
0020
reordering
0200
2010
0104
0040



original
0401
4000
0002
1020
reordering
0200
2010
0104
0040



original
0401
4010
0101
1010
reordering
0101
1010
0104
1040



original
0211
2010
1102
1020
reordering
0201
2011
0102
1120



original
0310
3010
1102
0020
reordering
0200
2011
0103
0130



original
0311
3000
1002
1020
reordering
0210
2010
1103
0030



original
0311
3010
1101
1010
reordering
0101
1011
0103
1130



original
0202
2010
0102
2020
original
0302
3000
0002
2020
reordering
0200
2020
0203
0030



original
0302
3010
0101
2010
reordering
0102
1010
0103
2030



original
0201
2020
0202
1020
original
0300
3020
0202
0020
reordering
0200
2020
0203
0030



original
0301
3020
0201
1010
reordering
0101
1020
0203
1030



original
0201
2011
0102
1120
reordering
0211
2010
1102
1020



original
0300
3011
0102
0120
reordering
0210
2010
1103
0030



original
0301
3001
0002
1120
reordering
0200
2011
0103
0130



original
0301
3011
0101
1110
reordering
0111
1010
1103
1030



original
0201
2010
0103
1030
reordering
0301
3010
0102
1020



original
0300
3010
0103
0030
reordering
0300
3010
0103
0030



original
0301
3000
0003
1030
reordering
0300
3010
0103
0030



2
0301
3010
0102
1020



child:
0310
3010
1102
0020



original
0310
3010
1102
0020
reordering
0200
2011
0103
0130



tmp:
0201
2010
0103
1030



start EnumRec 2
7
original
0400
4010
0102
0020
reordering
0200
2010
0104
0040



original
0410
4000
1002
0020
reordering
0200
2010
0104
0040



original
0410
4010
1101
0010
reordering
0100
1011
0104
0140



original
0220
2010
2102
0020
reordering
0200
2012
0102
0220



original
0320
3000
2002
0020
reordering
0200
2020
0203
0030



original
0320
3010
2101
0010
reordering
0100
1012
0103
0230



original
0211
2010
1102
1020
reordering
0201
2011
0102
1120



original
0301
3010
0102
1020
reordering
0201
2010
0103
1030



original
0311
3000
1002
1020
reordering
0210
2010
1103
0030



original
0311
3010
1101
1010
reordering
0101
1011
0103
1130



original
0210
2020
1202
0020
reordering
0200
2021
0202
0120



original
0300
3020
0202
0020
reordering
0200
2020
0203
0030



original
0310
3020
1201
0010
reordering
0100
1021
0203
0130



original
0210
2011
1102
0120
reordering
0120
1012
2101
0210



original
0300
3011
0102
0120
reordering
0210
2010
1103
0030



original
0310
3001
1002
0120
reordering
0201
2010
0103
1030



original
0310
3011
1101
0110
reordering
0110
1013
1101
0310



original
0210
2010
1103
0030
reordering
0300
3011
0102
0120



original
0300
3010
0103
0030
reordering
0300
3010
0103
0030



original
0310
3000
1003
0030
reordering
0300
3010
0103
0030



0
0310
3010
1102
0020



end EnumRec 2
original
0301
3001
0002
1120
reordering
0200
2011
0103
0130



tmp:
0201
2010
0103
1030



start EnumRec 2
7
original
0400
4001
0002
0120
reordering
0200
2010
0104
0040



original
0401
4000
0002
1020
reordering
0200
2010
0104
0040



original
0401
4001
0001
1110
reordering
0100
1011
0104
0140



original
0211
2001
1002
1120
reordering
0201
2011
0102
1120



original
0310
3001
1002
0120
reordering
0201
2010
0103
1030



original
0311
3000
1002
1020
reordering
0210
2010
1103
0030



original
0311
3001
1001
1110
reordering
0101
1011
0103
1130



original
0202
2001
0002
2120
reordering
0200
2012
0102
0220



original
0302
3000
0002
2020
reordering
0200
2020
0203
0030



original
0302
3001
0001
2110
reordering
0100
1012
0103
0230



original
0201
2011
0102
1120
reordering
0211
2010
1102
1020



original
0300
3011
0102
0120
reordering
0210
2010
1103
0030



original
0301
3010
0102
1020
reordering
0201
2010
0103
1030



original
0301
3011
0101
1110
reordering
0111
1010
1103
1030



original
0201
2002
0002
1220
reordering
0200
2021
0202
0120



original
0300
3002
0002
0220
reordering
0200
2020
0203
0030



original
0301
3002
0001
1210
reordering
0100
1021
0203
0130



original
0201
2001
0003
1130
reordering
0300
3011
0102
0120



original
0300
3001
0003
0130
reordering
0300
3010
0103
0030



original
0301
3000
0003
1030
reordering
0300
3010
0103
0030



0
0301
3001
0002
1120



end EnumRec 2
end EnumRec 1
original
0211
2010
1102
1020
reordering
0201
2011
0102
1120



tmp:
0201
2020
0202
1020



start EnumRec 1
7
original
0301
3010
0102
1020
reordering
0201
2010
0103
1030



original
0310
3010
1102
0020
reordering
0200
2011
0103
0130



original
0311
3000
1002
1020
reordering
0210
2010
1103
0030



original
0311
3010
1101
1010
reordering
0101
1011
0103
1130



original
0121
1010
2102
1020
reordering
0201
2012
0101
1210



original
0220
2010
2102
0020
reordering
0200
2012
0102
0220



original
0221
2000
2002
1020
reordering
0210
2020
1202
0020



original
0221
2010
2101
1010
reordering
0101
1012
0102
1220



original
0112
1010
1102
2020
reordering
0202
2011
0101
2110



original
0202
2010
0102
2020
original
0212
2000
1002
2020
reordering
0220
2010
2102
0020



original
0212
2010
1101
2010
reordering
0102
1011
0102
2120



original
0111
1020
1202
1020
reordering
0201
2021
0201
1110



original
0201
2020
0202
1020
original
0210
2020
1202
0020
reordering
0200
2021
0202
0120



original
0211
2020
1201
1010
reordering
0101
1021
0202
1120



original
0111
1011
1102
1120
reordering
0121
1011
2101
1110



original
0201
2011
0102
1120
reordering
0211
2010
1102
1020



original
0210
2011
1102
0120
reordering
0120
1012
2101
0210



original
0211
2001
1002
1120
reordering
0201
2011
0102
1120



original
0211
2011
1101
1110
reordering
0111
1012
1101
1210



original
0111
1010
1103
1030
reordering
0301
3011
0101
1110



original
0201
2010
0103
1030
reordering
0301
3010
0102
1020



original
0210
2010
1103
0030
reordering
0300
3011
0102
0120



original
0211
2000
1003
1030
reordering
0310
3010
1102
0020



0
0211
2010
1102
1020



end EnumRec 1
original
0211
2020
1201
1010
reordering
0101
1021
0202
1120



tmp:
0201
2020
0202
1020



start EnumRec 1
7
original
0301
3020
0201
1010
reordering
0101
1020
0203
1030



original
0310
3020
1201
0010
reordering
0100
1021
0203
0130



original
0311
3010
1101
1010
reordering
0101
1011
0103
1130



original
0311
3020
1200
1000
reordering
0101
1010
0101
1010



erorr parent.
original
0121
1020
2201
1010
reordering
0101
1022
0201
1210



original
0220
2020
2201
0010
reordering
0100
1022
0202
0220



original
0221
2010
2101
1010
reordering
0101
1012
0102
1220



original
0221
2020
2200
1000
reordering
0101
1020
0202
1020



original
0112
1020
1201
2010
reordering
0102
1021
0201
2110



original
0202
2020
0201
2010
original
0212
2010
1101
2010
reordering
0102
1011
0102
2120



original
0212
2020
1200
2000
reordering
0202
2010
0101
2010



original
0111
1030
1301
1010
reordering
0101
1031
0301
1110



original
0201
2030
0301
1010
reordering
0101
1030
0302
1020



original
0210
2030
1301
0010
reordering
0100
1031
0302
0120



original
0211
2030
1300
1000
reordering
0101
1010
0101
1010



erorr parent.
original
0111
1021
1201
1110
reordering
0111
1021
1201
1110



original
0201
2021
0201
1110
reordering
0111
1020
1202
1020



original
0210
2021
1201
0110
reordering
0110
1022
1201
0210



original
0211
2011
1101
1110
reordering
0111
1012
1101
1210



original
0211
2021
1200
1100
reordering
0101
1022
0201
1210



original
0111
1020
1202
1020
reordering
0201
2021
0201
1110



original
0201
2020
0202
1020
original
0210
2020
1202
0020
reordering
0200
2021
0202
0120



original
0211
2010
1102
1020
reordering
0201
2011
0102
1120



0
0211
2020
1201
1010



end EnumRec 1
original
0101
1021
0202
1120
reordering
0211
2020
1201
1010



tmp:
0201
2020
0202
1020



start EnumRec 1
7
original
0200
2021
0202
0120
reordering
0210
2020
1202
0020



original
0201
2011
0102
1120
reordering
0211
2010
1102
1020



original
0201
2020
0202
1020
original
0201
2021
0201
1110
reordering
0111
1020
1202
1020



original
0011
0021
1202
1120
reordering
0121
1020
2201
1010



original
0110
1021
1202
0120
reordering
0120
1021
2201
0110



original
0111
1011
1102
1120
reordering
0121
1011
2101
1110



original
0111
1020
1202
1020
reordering
0201
2021
0201
1110



original
0111
1021
1201
1110
reordering
0111
1021
1201
1110



original
0002
0021
0202
2120
reordering
0220
2010
2102
0020



original
0102
1011
0102
2120
reordering
0212
2010
1101
2010



original
0102
1020
0202
2020
original
0102
1021
0201
2110
reordering
0112
1020
1201
2010



original
0001
0031
0302
1120
reordering
0320
3010
2101
0010



original
0100
1031
0302
0120
reordering
0210
2030
1301
0010



original
0101
1030
0302
1020
reordering
0201
2030
0301
1010



original
0101
1031
0301
1110
reordering
0111
1030
1301
1010



original
0001
0022
0202
1220
reordering
0220
2020
2201
0010



original
0100
1022
0202
0220
reordering
0220
2020
2201
0010



original
0101
1012
0102
1220
reordering
0221
2010
2101
1010



original
0101
1022
0201
1210
reordering
0121
1020
2201
1010



original
0001
0021
0203
1130
reordering
0230
2010
3101
0010



original
0100
1021
0203
0130
reordering
0310
3020
1201
0010



original
0101
1011
0103
1130
reordering
0311
3010
1101
1010



original
0101
1020
0203
1030
reordering
0301
3020
0201
1010



0
0101
1021
0202
1120



end EnumRec 1
original
0201
2011
0102
1120
reordering
0211
2010
1102
1020



tmp:
0201
2020
0202
1020



start EnumRec 1
7
original
0300
3011
0102
0120
reordering
0210
2010
1103
0030



original
0301
3001
0002
1120
reordering
0200
2011
0103
0130



original
0301
3010
0102
1020
reordering
0201
2010
0103
1030



original
0301
3011
0101
1110
reordering
0111
1010
1103
1030



original
0111
1011
1102
1120
reordering
0121
1011
2101
1110



original
0210
2011
1102
0120
reordering
0120
1012
2101
0210



original
0211
2001
1002
1120
reordering
0201
2011
0102
1120



original
0211
2010
1102
1020
reordering
0201
2011
0102
1120



original
0211
2011
1101
1110
reordering
0111
1012
1101
1210



original
0102
1011
0102
2120
reordering
0212
2010
1101
2010



original
0202
2001
0002
2120
reordering
0200
2012
0102
0220



original
0202
2010
0102
2020
original
0202
2011
0101
2110
reordering
0112
1010
1102
2020



original
0101
1021
0202
1120
reordering
0211
2020
1201
1010



original
0200
2021
0202
0120
reordering
0210
2020
1202
0020



original
0201
2020
0202
1020
original
0201
2021
0201
1110
reordering
0111
1020
1202
1020



original
0101
1012
0102
1220
reordering
0221
2010
2101
1010



original
0200
2012
0102
0220
reordering
0220
2010
2102
0020



original
0201
2002
0002
1220
reordering
0200
2021
0202
0120



original
0201
2012
0101
1210
reordering
0121
1010
2102
1020



original
0101
1011
0103
1130
reordering
0311
3010
1101
1010



original
0200
2011
0103
0130
reordering
0310
3010
1102
0020



original
0201
2001
0003
1130
reordering
0300
3011
0102
0120



original
0201
2010
0103
1030
reordering
0301
3010
0102
1020



0
0201
2011
0102
1120



end EnumRec 1
end EnumRec 0
7
