40 120
0 20
0 30
0 37
1 18
1 21
2 5
2 22
3 0
3 13
3 14
3 16
3 19
3 32
3 36
4 5
4 11
5 11
5 20
5 28
5 36
6 23
6 32
6 34
7 15
7 19
7 20
7 37
8 2
8 30
9 2
9 4
9 8
9 27
10 3
10 5
10 9
11 2
11 10
11 19
11 22
11 32
11 38
12 4
12 9
12 24
12 35
12 36
13 20
13 29
14 1
14 26
14 34
16 0
16 31
17 11
17 30
17 39
18 7
18 29
19 18
20 22
20 28
20 29
20 32
21 0
21 12
21 13
21 16
21 22
22 1
23 19
23 31
24 2
24 22
25 18
26 16
26 39
27 1
27 5
27 12
27 14
27 31
29 5
30 29
31 1
31 12
31 29
31 36
31 37
32 1
32 21
32 22
33 10
33 13
33 24
33 31
33 36
34 0
34 13
34 19
34 29
34 32
34 37
35 10
35 17
35 20
35 23
35 27
36 6
36 17
36 34
36 37
37 2
37 3
37 10
37 14
38 9
38 21
39 11
39 35
