50 150
0 10
0 19
1 30
1 33
1 42
2 42
2 49
3 7
3 14
3 24
3 29
3 31
3 34
3 49
4 0
4 23
4 38
5 9
5 46
7 13
7 14
7 16
7 44
8 2
8 3
8 39
9 28
9 43
10 13
10 30
11 43
12 30
12 32
12 43
13 23
13 25
13 33
14 17
14 33
14 47
15 0
15 11
15 17
15 22
15 33
15 48
16 8
16 19
16 24
16 41
16 46
17 8
17 38
17 46
18 31
18 33
18 41
19 2
19 43
20 5
20 47
21 6
21 14
21 18
21 29
22 7
22 12
22 33
22 39
23 1
23 25
24 21
24 27
24 40
25 10
25 38
25 47
26 0
26 2
26 3
27 36
28 11
28 12
28 21
28 25
28 39
29 41
29 43
30 34
30 46
30 47
31 5
31 22
31 30
31 48
32 0
33 2
33 41
33 43
34 4
34 22
34 25
34 39
35 3
35 8
35 16
35 29
35 40
35 46
36 7
36 10
36 17
36 23
36 43
37 6
37 20
37 29
38 8
38 14
39 29
39 35
39 38
40 21
40 44
41 0
41 21
42 7
42 21
42 30
42 39
42 45
44 0
44 28
45 19
45 22
46 10
46 29
46 41
47 8
47 9
47 23
47 29
47 32
48 5
48 9
48 11
48 34
49 26
49 36
49 46
