42 73
sep size:42
sep size:3
elapsed time = 0 msec.
ans size:2894
1 5 6 
2 3 
2 6 
2 7 
2 8 
2 9 
2 10 13 17 22 25 35 37 
2 10 13 17 25 34 35 37 
2 10 13 17 25 34 35 38 40 
2 10 13 17 31 34 35 37 
2 10 13 17 31 34 35 38 40 
2 10 13 17 33 34 38 
2 10 13 17 38 39 
2 10 13 20 22 25 35 37 
2 10 13 20 25 34 35 37 
2 10 13 20 25 34 35 38 40 
2 10 13 20 31 34 35 37 
2 10 13 20 31 34 35 38 40 
2 10 13 20 33 34 38 
2 10 13 20 38 39 
2 10 13 22 23 25 34 35 38 40 
2 10 13 22 23 25 35 37 
2 10 13 22 23 25 35 38 39 
2 10 13 22 25 28 35 37 
2 10 13 25 28 34 35 37 
2 10 13 25 28 34 35 38 40 
2 10 13 28 31 34 35 37 
2 10 13 28 31 34 35 38 40 
2 10 13 28 33 34 38 
2 10 13 28 38 39 
2 10 14 15 18 33 34 35 
2 10 14 15 19 27 
2 10 14 15 22 27 33 34 
2 10 14 15 24 27 33 35 
2 10 14 15 26 27 
2 10 14 15 27 30 35 
2 10 14 15 27 33 34 35 
2 10 15 16 18 33 34 35 
2 10 15 16 19 27 
2 10 15 16 22 27 33 34 
2 10 15 16 24 27 33 35 
2 10 15 16 26 27 
2 10 15 16 27 30 35 
2 10 15 16 27 33 34 35 
2 10 15 18 19 33 34 38 
2 10 15 18 19 38 39 
2 10 15 18 22 25 35 37 
2 10 15 18 24 25 35 38 39 40 
2 10 15 18 24 31 35 38 39 40 
2 10 15 18 24 33 35 38 39 
2 10 15 18 25 34 35 37 
2 10 15 18 25 34 35 38 40 
2 10 15 18 26 38 39 
2 10 15 18 30 35 38 39 
2 10 15 18 31 34 35 37 
2 10 15 18 31 34 35 38 40 
2 10 15 18 33 34 35 38 
2 10 15 19 27 33 34 38 
2 10 15 19 27 38 39 
2 10 15 24 25 27 35 38 39 40 
2 10 15 24 27 31 35 38 39 40 
2 10 15 24 27 33 35 38 39 
2 10 15 25 27 34 35 37 
2 10 15 25 27 34 35 38 40 
2 10 15 26 27 38 39 
2 10 15 27 30 35 38 39 
2 10 15 27 31 34 35 37 
2 10 15 27 31 34 35 38 40 
2 10 15 27 33 34 35 38 
2 10 17 18 19 33 34 38 
2 10 17 18 19 38 39 
2 10 17 18 22 25 35 37 
2 10 17 18 24 25 35 38 39 40 
2 10 17 18 24 31 35 38 39 40 
2 10 17 18 24 33 35 38 39 
2 10 17 18 25 34 35 37 
2 10 17 18 25 34 35 38 40 
2 10 17 18 26 38 39 
2 10 17 18 30 35 38 39 
2 10 17 18 31 34 35 37 
2 10 17 18 31 34 35 38 40 
2 10 17 18 33 34 35 38 
2 10 17 19 27 32 
2 10 17 19 27 33 34 38 
2 10 17 19 27 38 39 
2 10 17 24 25 27 35 38 39 40 
2 10 17 24 27 31 35 38 39 40 
2 10 17 24 27 32 33 35 
2 10 17 24 27 33 35 38 39 
2 10 17 25 27 34 35 37 
2 10 17 25 27 34 35 38 40 
2 10 17 26 27 32 
2 10 17 26 27 38 39 
2 10 17 27 30 32 35 
2 10 17 27 30 35 38 39 
2 10 17 27 31 34 35 37 
2 10 17 27 31 34 35 38 40 
2 10 17 27 33 34 35 38 
2 10 18 19 20 33 34 38 
2 10 18 19 20 38 39 
2 10 18 19 22 23 25 35 38 39 
2 10 18 19 28 33 34 38 
2 10 18 19 28 38 39 
2 10 18 20 22 25 35 37 
2 10 18 20 24 25 35 38 39 40 
2 10 18 20 24 31 35 38 39 40 
2 10 18 20 24 33 35 38 39 
2 10 18 20 25 34 35 37 
2 10 18 20 25 34 35 38 40 
2 10 18 20 26 38 39 
2 10 18 20 30 35 38 39 
2 10 18 20 31 34 35 37 
2 10 18 20 31 34 35 38 40 
2 10 18 20 33 34 35 38 
2 10 18 22 23 24 25 35 38 39 40 
2 10 18 22 23 25 26 35 38 39 
2 10 18 22 23 25 30 35 38 39 
2 10 18 22 23 25 34 35 38 40 
2 10 18 22 23 25 35 37 
2 10 18 22 25 28 35 37 
2 10 18 24 25 28 35 38 39 40 
2 10 18 24 28 31 35 38 39 40 
2 10 18 24 28 33 35 38 39 
2 10 18 25 28 34 35 37 
2 10 18 25 28 34 35 38 40 
2 10 18 26 28 38 39 
2 10 18 28 30 35 38 39 
2 10 18 28 31 34 35 37 
2 10 18 28 31 34 35 38 40 
2 10 18 28 33 34 35 38 
2 10 19 20 27 32 
2 10 19 20 27 33 34 38 
2 10 19 20 27 38 39 
2 10 19 22 25 27 32 35 
2 10 19 22 25 27 35 38 39 
2 10 19 22 27 31 32 34 35 
2 10 19 22 27 31 34 35 38 39 
2 10 20 24 25 27 35 38 39 40 
2 10 20 24 27 31 35 38 39 40 
2 10 20 24 27 32 33 35 
2 10 20 24 27 33 35 38 39 
2 10 20 25 27 34 35 37 
2 10 20 25 27 34 35 38 40 
2 10 20 26 27 32 
2 10 20 26 27 38 39 
2 10 20 27 30 32 35 
2 10 20 27 30 35 38 39 
2 10 20 27 31 34 35 37 
2 10 20 27 31 34 35 38 40 
2 10 20 27 33 34 35 38 
2 10 22 24 25 27 35 38 39 40 
2 10 22 25 26 27 32 35 
2 10 22 25 26 27 35 38 39 
2 10 22 25 27 30 32 35 
2 10 22 25 27 30 35 38 39 
2 10 22 26 27 31 32 34 35 
2 10 22 26 27 31 34 35 38 39 
2 10 22 27 33 34 38 
2 10 22 27 34 38 40 
2 10 22 27 37 
2 10 29 
2 11 42 
2 13 15 
2 13 17 32 
2 13 18 22 25 29 32 35 
2 13 18 25 29 32 34 35 
2 13 18 29 31 32 34 35 
2 13 20 32 
2 13 22 23 25 32 35 
2 13 22 24 27 32 34 38 40 
2 13 22 24 27 32 37 
2 13 22 25 27 32 35 
2 13 22 27 30 32 34 37 
2 13 22 27 30 32 34 38 40 
2 13 22 27 31 32 34 35 
2 13 23 24 25 29 32 35 
2 13 23 25 29 32 34 35 
2 13 24 27 29 32 
2 13 25 27 29 32 34 35 
2 13 27 29 30 32 34 
2 13 27 29 31 32 34 35 
2 13 28 32 
2 13 42 
2 14 15 18 19 
2 14 15 18 22 24 25 35 37 38 39 
2 14 15 18 22 24 27 33 34 
2 14 15 18 22 24 27 34 38 39 40 
2 14 15 18 22 24 27 37 38 39 
2 14 15 18 22 27 30 33 34 
2 14 15 18 22 27 30 34 37 38 39 
2 14 15 18 22 27 30 34 38 39 40 
2 14 15 18 24 25 34 35 37 38 39 
2 14 15 18 24 25 35 38 39 40 
2 14 15 18 24 29 33 34 
2 14 15 18 24 29 38 39 
2 14 15 18 24 31 34 35 37 38 39 
2 14 15 18 24 31 35 38 39 40 
2 14 15 18 24 33 35 
2 14 15 18 26 
2 14 15 18 29 30 33 34 
2 14 15 18 29 30 34 38 39 
2 14 15 18 30 35 
2 15 16 18 19 
2 15 16 18 22 24 25 35 37 38 39 
2 15 16 18 22 24 27 33 34 
2 15 16 18 22 24 27 34 38 39 40 
2 15 16 18 22 24 27 37 38 39 
2 15 16 18 22 27 30 33 34 
2 15 16 18 22 27 30 34 37 38 39 
2 15 16 18 22 27 30 34 38 39 40 
2 15 16 18 24 25 34 35 37 38 39 
2 15 16 18 24 25 35 38 39 40 
2 15 16 18 24 29 33 34 
2 15 16 18 24 29 38 39 
2 15 16 18 24 31 34 35 37 38 39 
2 15 16 18 24 31 35 38 39 40 
2 15 16 18 24 33 35 
2 15 16 18 26 
2 15 16 18 29 30 33 34 
2 15 16 18 29 30 34 38 39 
2 15 16 18 30 35 
2 17 18 19 32 
2 17 18 22 24 25 32 35 37 
2 17 18 24 25 32 34 35 37 
2 17 18 24 25 32 34 35 38 40 
2 17 18 24 25 32 35 38 39 40 
2 17 18 24 31 32 34 35 37 
2 17 18 24 31 32 34 35 38 40 
2 17 18 24 31 32 35 38 39 40 
2 17 18 24 32 33 35 
2 17 18 26 32 
2 17 18 30 32 35 
2 18 19 20 32 
2 18 19 22 23 25 32 35 
2 18 19 22 25 27 32 35 
2 18 19 22 25 29 32 35 
2 18 19 22 27 31 32 34 35 
2 18 19 25 29 32 34 35 
2 18 19 28 32 
2 18 19 29 31 32 34 35 
2 18 20 22 24 25 32 35 37 
2 18 20 24 25 32 34 35 37 
2 18 20 24 25 32 34 35 38 40 
2 18 20 24 25 32 35 38 39 40 
2 18 20 24 31 32 34 35 37 
2 18 20 24 31 32 34 35 38 40 
2 18 20 24 31 32 35 38 39 40 
2 18 20 24 32 33 35 
2 18 20 26 32 
2 18 20 30 32 35 
2 18 22 23 24 25 32 34 35 38 40 
2 18 22 23 24 25 32 35 37 
2 18 22 23 24 25 32 35 38 39 40 
2 18 22 23 25 26 32 35 
2 18 22 23 25 30 32 35 
2 18 22 24 25 27 32 35 38 39 40 
2 18 22 24 25 28 32 35 37 
2 18 22 24 27 32 34 38 40 
2 18 22 24 27 32 37 
2 18 22 25 26 27 32 35 
2 18 22 25 26 29 32 35 
2 18 22 25 27 30 32 35 
2 18 22 25 29 30 32 35 
2 18 22 26 27 31 32 34 35 
2 18 22 27 30 31 32 34 35 
2 18 22 27 30 32 34 37 
2 18 22 27 30 32 34 38 40 
2 18 24 25 28 32 34 35 37 
2 18 24 25 28 32 34 35 38 40 
2 18 24 25 28 32 35 38 39 40 
2 18 24 28 31 32 34 35 37 
2 18 24 28 31 32 34 35 38 40 
2 18 24 28 31 32 35 38 39 40 
2 18 24 28 32 33 35 
2 18 24 29 32 
2 18 25 26 29 32 34 35 
2 18 26 28 32 
2 18 26 29 31 32 34 35 
2 18 28 30 32 35 
2 18 29 30 32 34 
2 41 
4 6 
4 7 
4 8 
4 9 
4 10 13 17 22 25 35 37 
4 10 13 17 25 34 35 37 
4 10 13 17 25 34 35 38 40 
4 10 13 17 31 34 35 37 
4 10 13 17 31 34 35 38 40 
4 10 13 17 33 34 38 
4 10 13 17 38 39 
4 10 13 20 22 25 35 37 
4 10 13 20 25 34 35 37 
4 10 13 20 25 34 35 38 40 
4 10 13 20 31 34 35 37 
4 10 13 20 31 34 35 38 40 
4 10 13 20 33 34 38 
4 10 13 20 38 39 
4 10 13 22 23 25 34 35 38 40 
4 10 13 22 23 25 35 37 
4 10 13 22 23 25 35 38 39 
4 10 13 22 25 28 35 37 
4 10 13 25 28 34 35 37 
4 10 13 25 28 34 35 38 40 
4 10 13 28 31 34 35 37 
4 10 13 28 31 34 35 38 40 
4 10 13 28 33 34 38 
4 10 13 28 38 39 
4 10 14 15 18 33 34 35 
4 10 14 15 19 27 
4 10 14 15 22 27 33 34 
4 10 14 15 24 27 33 35 
4 10 14 15 26 27 
4 10 14 15 27 30 35 
4 10 14 15 27 33 34 35 
4 10 15 16 18 33 34 35 
4 10 15 16 19 27 
4 10 15 16 22 27 33 34 
4 10 15 16 24 27 33 35 
4 10 15 16 26 27 
4 10 15 16 27 30 35 
4 10 15 16 27 33 34 35 
4 10 15 18 19 33 34 38 
4 10 15 18 19 38 39 
4 10 15 18 22 25 35 37 
4 10 15 18 24 25 35 38 39 40 
4 10 15 18 24 31 35 38 39 40 
4 10 15 18 24 33 35 38 39 
4 10 15 18 25 34 35 37 
4 10 15 18 25 34 35 38 40 
4 10 15 18 26 38 39 
4 10 15 18 30 35 38 39 
4 10 15 18 31 34 35 37 
4 10 15 18 31 34 35 38 40 
4 10 15 18 33 34 35 38 
4 10 15 19 27 33 34 38 
4 10 15 19 27 38 39 
4 10 15 24 25 27 35 38 39 40 
4 10 15 24 27 31 35 38 39 40 
4 10 15 24 27 33 35 38 39 
4 10 15 25 27 34 35 37 
4 10 15 25 27 34 35 38 40 
4 10 15 26 27 38 39 
4 10 15 27 30 35 38 39 
4 10 15 27 31 34 35 37 
4 10 15 27 31 34 35 38 40 
4 10 15 27 33 34 35 38 
4 10 17 18 19 33 34 38 
4 10 17 18 19 38 39 
4 10 17 18 22 25 35 37 
4 10 17 18 24 25 35 38 39 40 
4 10 17 18 24 31 35 38 39 40 
4 10 17 18 24 33 35 38 39 
4 10 17 18 25 34 35 37 
4 10 17 18 25 34 35 38 40 
4 10 17 18 26 38 39 
4 10 17 18 30 35 38 39 
4 10 17 18 31 34 35 37 
4 10 17 18 31 34 35 38 40 
4 10 17 18 33 34 35 38 
4 10 17 19 27 32 
4 10 17 19 27 33 34 38 
4 10 17 19 27 38 39 
4 10 17 24 25 27 35 38 39 40 
4 10 17 24 27 31 35 38 39 40 
4 10 17 24 27 32 33 35 
4 10 17 24 27 33 35 38 39 
4 10 17 25 27 34 35 37 
4 10 17 25 27 34 35 38 40 
4 10 17 26 27 32 
4 10 17 26 27 38 39 
4 10 17 27 30 32 35 
4 10 17 27 30 35 38 39 
4 10 17 27 31 34 35 37 
4 10 17 27 31 34 35 38 40 
4 10 17 27 33 34 35 38 
4 10 18 19 20 33 34 38 
4 10 18 19 20 38 39 
4 10 18 19 22 23 25 35 38 39 
4 10 18 19 28 33 34 38 
4 10 18 19 28 38 39 
4 10 18 20 22 25 35 37 
4 10 18 20 24 25 35 38 39 40 
4 10 18 20 24 31 35 38 39 40 
4 10 18 20 24 33 35 38 39 
4 10 18 20 25 34 35 37 
4 10 18 20 25 34 35 38 40 
4 10 18 20 26 38 39 
4 10 18 20 30 35 38 39 
4 10 18 20 31 34 35 37 
4 10 18 20 31 34 35 38 40 
4 10 18 20 33 34 35 38 
4 10 18 22 23 24 25 35 38 39 40 
4 10 18 22 23 25 26 35 38 39 
4 10 18 22 23 25 30 35 38 39 
4 10 18 22 23 25 34 35 38 40 
4 10 18 22 23 25 35 37 
4 10 18 22 25 28 35 37 
4 10 18 24 25 28 35 38 39 40 
4 10 18 24 28 31 35 38 39 40 
4 10 18 24 28 33 35 38 39 
4 10 18 25 28 34 35 37 
4 10 18 25 28 34 35 38 40 
4 10 18 26 28 38 39 
4 10 18 28 30 35 38 39 
4 10 18 28 31 34 35 37 
4 10 18 28 31 34 35 38 40 
4 10 18 28 33 34 35 38 
4 10 19 20 27 32 
4 10 19 20 27 33 34 38 
4 10 19 20 27 38 39 
4 10 19 22 25 27 32 35 
4 10 19 22 25 27 35 38 39 
4 10 19 22 27 31 32 34 35 
4 10 19 22 27 31 34 35 38 39 
4 10 20 24 25 27 35 38 39 40 
4 10 20 24 27 31 35 38 39 40 
4 10 20 24 27 32 33 35 
4 10 20 24 27 33 35 38 39 
4 10 20 25 27 34 35 37 
4 10 20 25 27 34 35 38 40 
4 10 20 26 27 32 
4 10 20 26 27 38 39 
4 10 20 27 30 32 35 
4 10 20 27 30 35 38 39 
4 10 20 27 31 34 35 37 
4 10 20 27 31 34 35 38 40 
4 10 20 27 33 34 35 38 
4 10 22 24 25 27 35 38 39 40 
4 10 22 25 26 27 32 35 
4 10 22 25 26 27 35 38 39 
4 10 22 25 27 30 32 35 
4 10 22 25 27 30 35 38 39 
4 10 22 26 27 31 32 34 35 
4 10 22 26 27 31 34 35 38 39 
4 10 22 27 33 34 38 
4 10 22 27 34 38 40 
4 10 22 27 37 
4 10 29 
4 11 42 
4 13 15 
4 13 17 32 
4 13 18 22 25 29 32 35 
4 13 18 25 29 32 34 35 
4 13 18 29 31 32 34 35 
4 13 20 32 
4 13 22 23 25 32 35 
4 13 22 24 27 32 34 38 40 
4 13 22 24 27 32 37 
4 13 22 25 27 32 35 
4 13 22 27 30 32 34 37 
4 13 22 27 30 32 34 38 40 
4 13 22 27 31 32 34 35 
4 13 23 24 25 29 32 35 
4 13 23 25 29 32 34 35 
4 13 24 27 29 32 
4 13 25 27 29 32 34 35 
4 13 27 29 30 32 34 
4 13 27 29 31 32 34 35 
4 13 28 32 
4 13 42 
4 14 15 18 19 
4 14 15 18 22 24 25 35 37 38 39 
4 14 15 18 22 24 27 33 34 
4 14 15 18 22 24 27 34 38 39 40 
4 14 15 18 22 24 27 37 38 39 
4 14 15 18 22 27 30 33 34 
4 14 15 18 22 27 30 34 37 38 39 
4 14 15 18 22 27 30 34 38 39 40 
4 14 15 18 24 25 34 35 37 38 39 
4 14 15 18 24 25 35 38 39 40 
4 14 15 18 24 29 33 34 
4 14 15 18 24 29 38 39 
4 14 15 18 24 31 34 35 37 38 39 
4 14 15 18 24 31 35 38 39 40 
4 14 15 18 24 33 35 
4 14 15 18 26 
4 14 15 18 29 30 33 34 
4 14 15 18 29 30 34 38 39 
4 14 15 18 30 35 
4 15 16 18 19 
4 15 16 18 22 24 25 35 37 38 39 
4 15 16 18 22 24 27 33 34 
4 15 16 18 22 24 27 34 38 39 40 
4 15 16 18 22 24 27 37 38 39 
4 15 16 18 22 27 30 33 34 
4 15 16 18 22 27 30 34 37 38 39 
4 15 16 18 22 27 30 34 38 39 40 
4 15 16 18 24 25 34 35 37 38 39 
4 15 16 18 24 25 35 38 39 40 
4 15 16 18 24 29 33 34 
4 15 16 18 24 29 38 39 
4 15 16 18 24 31 34 35 37 38 39 
4 15 16 18 24 31 35 38 39 40 
4 15 16 18 24 33 35 
4 15 16 18 26 
4 15 16 18 29 30 33 34 
4 15 16 18 29 30 34 38 39 
4 15 16 18 30 35 
4 17 18 19 32 
4 17 18 22 24 25 32 35 37 
4 17 18 24 25 32 34 35 37 
4 17 18 24 25 32 34 35 38 40 
4 17 18 24 25 32 35 38 39 40 
4 17 18 24 31 32 34 35 37 
4 17 18 24 31 32 34 35 38 40 
4 17 18 24 31 32 35 38 39 40 
4 17 18 24 32 33 35 
4 17 18 26 32 
4 17 18 30 32 35 
4 18 19 20 32 
4 18 19 22 23 25 32 35 
4 18 19 22 25 27 32 35 
4 18 19 22 25 29 32 35 
4 18 19 22 27 31 32 34 35 
4 18 19 25 29 32 34 35 
4 18 19 28 32 
4 18 19 29 31 32 34 35 
4 18 20 22 24 25 32 35 37 
4 18 20 24 25 32 34 35 37 
4 18 20 24 25 32 34 35 38 40 
4 18 20 24 25 32 35 38 39 40 
4 18 20 24 31 32 34 35 37 
4 18 20 24 31 32 34 35 38 40 
4 18 20 24 31 32 35 38 39 40 
4 18 20 24 32 33 35 
4 18 20 26 32 
4 18 20 30 32 35 
4 18 22 23 24 25 32 34 35 38 40 
4 18 22 23 24 25 32 35 37 
4 18 22 23 24 25 32 35 38 39 40 
4 18 22 23 25 26 32 35 
4 18 22 23 25 30 32 35 
4 18 22 24 25 27 32 35 38 39 40 
4 18 22 24 25 28 32 35 37 
4 18 22 24 27 32 34 38 40 
4 18 22 24 27 32 37 
4 18 22 25 26 27 32 35 
4 18 22 25 26 29 32 35 
4 18 22 25 27 30 32 35 
4 18 22 25 29 30 32 35 
4 18 22 26 27 31 32 34 35 
4 18 22 27 30 31 32 34 35 
4 18 22 27 30 32 34 37 
4 18 22 27 30 32 34 38 40 
4 18 24 25 28 32 34 35 37 
4 18 24 25 28 32 34 35 38 40 
4 18 24 25 28 32 35 38 39 40 
4 18 24 28 31 32 34 35 37 
4 18 24 28 31 32 34 35 38 40 
4 18 24 28 31 32 35 38 39 40 
4 18 24 28 32 33 35 
4 18 24 29 32 
4 18 25 26 29 32 34 35 
4 18 26 28 32 
4 18 26 29 31 32 34 35 
4 18 28 30 32 35 
4 18 29 30 32 34 
6 7 
6 9 
6 10 13 17 22 25 35 37 
6 10 13 17 25 34 35 37 
6 10 13 17 25 34 35 38 40 
6 10 13 17 31 34 35 37 
6 10 13 17 31 34 35 38 40 
6 10 13 17 33 34 38 
6 10 13 17 38 39 
6 10 13 20 22 25 35 37 
6 10 13 20 25 34 35 37 
6 10 13 20 25 34 35 38 40 
6 10 13 20 31 34 35 37 
6 10 13 20 31 34 35 38 40 
6 10 13 20 33 34 38 
6 10 13 20 38 39 
6 10 13 22 23 25 34 35 38 40 
6 10 13 22 23 25 35 37 
6 10 13 22 23 25 35 38 39 
6 10 13 22 25 28 35 37 
6 10 13 25 28 34 35 37 
6 10 13 25 28 34 35 38 40 
6 10 13 28 31 34 35 37 
6 10 13 28 31 34 35 38 40 
6 10 13 28 33 34 38 
6 10 13 28 38 39 
6 10 14 15 18 33 34 35 
6 10 14 15 19 27 
6 10 14 15 22 27 33 34 
6 10 14 15 24 27 33 35 
6 10 14 15 26 27 
6 10 14 15 27 30 35 
6 10 14 15 27 33 34 35 
6 10 15 16 18 33 34 35 
6 10 15 16 19 27 
6 10 15 16 22 27 33 34 
6 10 15 16 24 27 33 35 
6 10 15 16 26 27 
6 10 15 16 27 30 35 
6 10 15 16 27 33 34 35 
6 10 15 18 19 33 34 38 
6 10 15 18 19 38 39 
6 10 15 18 22 25 35 37 
6 10 15 18 24 25 35 38 39 40 
6 10 15 18 24 31 35 38 39 40 
6 10 15 18 24 33 35 38 39 
6 10 15 18 25 34 35 37 
6 10 15 18 25 34 35 38 40 
6 10 15 18 26 38 39 
6 10 15 18 30 35 38 39 
6 10 15 18 31 34 35 37 
6 10 15 18 31 34 35 38 40 
6 10 15 18 33 34 35 38 
6 10 15 19 27 33 34 38 
6 10 15 19 27 38 39 
6 10 15 24 25 27 35 38 39 40 
6 10 15 24 27 31 35 38 39 40 
6 10 15 24 27 33 35 38 39 
6 10 15 25 27 34 35 37 
6 10 15 25 27 34 35 38 40 
6 10 15 26 27 38 39 
6 10 15 27 30 35 38 39 
6 10 15 27 31 34 35 37 
6 10 15 27 31 34 35 38 40 
6 10 15 27 33 34 35 38 
6 10 17 18 19 33 34 38 
6 10 17 18 19 38 39 
6 10 17 18 22 25 35 37 
6 10 17 18 24 25 35 38 39 40 
6 10 17 18 24 31 35 38 39 40 
6 10 17 18 24 33 35 38 39 
6 10 17 18 25 34 35 37 
6 10 17 18 25 34 35 38 40 
6 10 17 18 26 38 39 
6 10 17 18 30 35 38 39 
6 10 17 18 31 34 35 37 
6 10 17 18 31 34 35 38 40 
6 10 17 18 33 34 35 38 
6 10 17 19 27 32 
6 10 17 19 27 33 34 38 
6 10 17 19 27 38 39 
6 10 17 24 25 27 35 38 39 40 
6 10 17 24 27 31 35 38 39 40 
6 10 17 24 27 32 33 35 
6 10 17 24 27 33 35 38 39 
6 10 17 25 27 34 35 37 
6 10 17 25 27 34 35 38 40 
6 10 17 26 27 32 
6 10 17 26 27 38 39 
6 10 17 27 30 32 35 
6 10 17 27 30 35 38 39 
6 10 17 27 31 34 35 37 
6 10 17 27 31 34 35 38 40 
6 10 17 27 33 34 35 38 
6 10 18 19 20 33 34 38 
6 10 18 19 20 38 39 
6 10 18 19 22 23 25 35 38 39 
6 10 18 19 28 33 34 38 
6 10 18 19 28 38 39 
6 10 18 20 22 25 35 37 
6 10 18 20 24 25 35 38 39 40 
6 10 18 20 24 31 35 38 39 40 
6 10 18 20 24 33 35 38 39 
6 10 18 20 25 34 35 37 
6 10 18 20 25 34 35 38 40 
6 10 18 20 26 38 39 
6 10 18 20 30 35 38 39 
6 10 18 20 31 34 35 37 
6 10 18 20 31 34 35 38 40 
6 10 18 20 33 34 35 38 
6 10 18 22 23 24 25 35 38 39 40 
6 10 18 22 23 25 26 35 38 39 
6 10 18 22 23 25 30 35 38 39 
6 10 18 22 23 25 34 35 38 40 
6 10 18 22 23 25 35 37 
6 10 18 22 25 28 35 37 
6 10 18 24 25 28 35 38 39 40 
6 10 18 24 28 31 35 38 39 40 
6 10 18 24 28 33 35 38 39 
6 10 18 25 28 34 35 37 
6 10 18 25 28 34 35 38 40 
6 10 18 26 28 38 39 
6 10 18 28 30 35 38 39 
6 10 18 28 31 34 35 37 
6 10 18 28 31 34 35 38 40 
6 10 18 28 33 34 35 38 
6 10 19 20 27 32 
6 10 19 20 27 33 34 38 
6 10 19 20 27 38 39 
6 10 19 22 25 27 32 35 
6 10 19 22 25 27 35 38 39 
6 10 19 22 27 31 32 34 35 
6 10 19 22 27 31 34 35 38 39 
6 10 20 24 25 27 35 38 39 40 
6 10 20 24 27 31 35 38 39 40 
6 10 20 24 27 32 33 35 
6 10 20 24 27 33 35 38 39 
6 10 20 25 27 34 35 37 
6 10 20 25 27 34 35 38 40 
6 10 20 26 27 32 
6 10 20 26 27 38 39 
6 10 20 27 30 32 35 
6 10 20 27 30 35 38 39 
6 10 20 27 31 34 35 37 
6 10 20 27 31 34 35 38 40 
6 10 20 27 33 34 35 38 
6 10 22 24 25 27 35 38 39 40 
6 10 22 25 26 27 32 35 
6 10 22 25 26 27 35 38 39 
6 10 22 25 27 30 32 35 
6 10 22 25 27 30 35 38 39 
6 10 22 26 27 31 32 34 35 
6 10 22 26 27 31 34 35 38 39 
6 10 22 27 33 34 38 
6 10 22 27 34 38 40 
6 10 22 27 37 
6 10 29 
6 11 42 
6 13 15 
6 13 17 32 
6 13 18 22 25 29 32 35 
6 13 18 25 29 32 34 35 
6 13 18 29 31 32 34 35 
6 13 20 32 
6 13 22 23 25 32 35 
6 13 22 24 27 32 34 38 40 
6 13 22 24 27 32 37 
6 13 22 25 27 32 35 
6 13 22 27 30 32 34 37 
6 13 22 27 30 32 34 38 40 
6 13 22 27 31 32 34 35 
6 13 23 24 25 29 32 35 
6 13 23 25 29 32 34 35 
6 13 24 27 29 32 
6 13 25 27 29 32 34 35 
6 13 27 29 30 32 34 
6 13 27 29 31 32 34 35 
6 13 28 32 
6 13 42 
6 14 15 18 19 
6 14 15 18 22 24 25 35 37 38 39 
6 14 15 18 22 24 27 33 34 
6 14 15 18 22 24 27 34 38 39 40 
6 14 15 18 22 24 27 37 38 39 
6 14 15 18 22 27 30 33 34 
6 14 15 18 22 27 30 34 37 38 39 
6 14 15 18 22 27 30 34 38 39 40 
6 14 15 18 24 25 34 35 37 38 39 
6 14 15 18 24 25 35 38 39 40 
6 14 15 18 24 29 33 34 
6 14 15 18 24 29 38 39 
6 14 15 18 24 31 34 35 37 38 39 
6 14 15 18 24 31 35 38 39 40 
6 14 15 18 24 33 35 
6 14 15 18 26 
6 14 15 18 29 30 33 34 
6 14 15 18 29 30 34 38 39 
6 14 15 18 30 35 
6 15 16 18 19 
6 15 16 18 22 24 25 35 37 38 39 
6 15 16 18 22 24 27 33 34 
6 15 16 18 22 24 27 34 38 39 40 
6 15 16 18 22 24 27 37 38 39 
6 15 16 18 22 27 30 33 34 
6 15 16 18 22 27 30 34 37 38 39 
6 15 16 18 22 27 30 34 38 39 40 
6 15 16 18 24 25 34 35 37 38 39 
6 15 16 18 24 25 35 38 39 40 
6 15 16 18 24 29 33 34 
6 15 16 18 24 29 38 39 
6 15 16 18 24 31 34 35 37 38 39 
6 15 16 18 24 31 35 38 39 40 
6 15 16 18 24 33 35 
6 15 16 18 26 
6 15 16 18 29 30 33 34 
6 15 16 18 29 30 34 38 39 
6 15 16 18 30 35 
6 17 18 19 32 
6 17 18 22 24 25 32 35 37 
6 17 18 24 25 32 34 35 37 
6 17 18 24 25 32 34 35 38 40 
6 17 18 24 25 32 35 38 39 40 
6 17 18 24 31 32 34 35 37 
6 17 18 24 31 32 34 35 38 40 
6 17 18 24 31 32 35 38 39 40 
6 17 18 24 32 33 35 
6 17 18 26 32 
6 17 18 30 32 35 
6 18 19 20 32 
6 18 19 22 23 25 32 35 
6 18 19 22 25 27 32 35 
6 18 19 22 25 29 32 35 
6 18 19 22 27 31 32 34 35 
6 18 19 25 29 32 34 35 
6 18 19 28 32 
6 18 19 29 31 32 34 35 
6 18 20 22 24 25 32 35 37 
6 18 20 24 25 32 34 35 37 
6 18 20 24 25 32 34 35 38 40 
6 18 20 24 25 32 35 38 39 40 
6 18 20 24 31 32 34 35 37 
6 18 20 24 31 32 34 35 38 40 
6 18 20 24 31 32 35 38 39 40 
6 18 20 24 32 33 35 
6 18 20 26 32 
6 18 20 30 32 35 
6 18 22 23 24 25 32 34 35 38 40 
6 18 22 23 24 25 32 35 37 
6 18 22 23 24 25 32 35 38 39 40 
6 18 22 23 25 26 32 35 
6 18 22 23 25 30 32 35 
6 18 22 24 25 27 32 35 38 39 40 
6 18 22 24 25 28 32 35 37 
6 18 22 24 27 32 34 38 40 
6 18 22 24 27 32 37 
6 18 22 25 26 27 32 35 
6 18 22 25 26 29 32 35 
6 18 22 25 27 30 32 35 
6 18 22 25 29 30 32 35 
6 18 22 26 27 31 32 34 35 
6 18 22 27 30 31 32 34 35 
6 18 22 27 30 32 34 37 
6 18 22 27 30 32 34 38 40 
6 18 24 25 28 32 34 35 37 
6 18 24 25 28 32 34 35 38 40 
6 18 24 25 28 32 35 38 39 40 
6 18 24 28 31 32 34 35 37 
6 18 24 28 31 32 34 35 38 40 
6 18 24 28 31 32 35 38 39 40 
6 18 24 28 32 33 35 
6 18 24 29 32 
6 18 25 26 29 32 34 35 
6 18 26 28 32 
6 18 26 29 31 32 34 35 
6 18 28 30 32 35 
6 18 29 30 32 34 
6 41 
7 8 
7 10 13 17 22 25 35 37 
7 10 13 17 25 34 35 37 
7 10 13 17 25 34 35 38 40 
7 10 13 17 31 34 35 37 
7 10 13 17 31 34 35 38 40 
7 10 13 17 33 34 38 
7 10 13 17 38 39 
7 10 13 20 22 25 35 37 
7 10 13 20 25 34 35 37 
7 10 13 20 25 34 35 38 40 
7 10 13 20 31 34 35 37 
7 10 13 20 31 34 35 38 40 
7 10 13 20 33 34 38 
7 10 13 20 38 39 
7 10 13 22 23 25 34 35 38 40 
7 10 13 22 23 25 35 37 
7 10 13 22 23 25 35 38 39 
7 10 13 22 25 28 35 37 
7 10 13 25 28 34 35 37 
7 10 13 25 28 34 35 38 40 
7 10 13 28 31 34 35 37 
7 10 13 28 31 34 35 38 40 
7 10 13 28 33 34 38 
7 10 13 28 38 39 
7 10 14 15 18 33 34 35 
7 10 14 15 19 27 
7 10 14 15 22 27 33 34 
7 10 14 15 24 27 33 35 
7 10 14 15 26 27 
7 10 14 15 27 30 35 
7 10 14 15 27 33 34 35 
7 10 15 16 18 33 34 35 
7 10 15 16 19 27 
7 10 15 16 22 27 33 34 
7 10 15 16 24 27 33 35 
7 10 15 16 26 27 
7 10 15 16 27 30 35 
7 10 15 16 27 33 34 35 
7 10 15 18 19 33 34 38 
7 10 15 18 19 38 39 
7 10 15 18 22 25 35 37 
7 10 15 18 24 25 35 38 39 40 
7 10 15 18 24 31 35 38 39 40 
7 10 15 18 24 33 35 38 39 
7 10 15 18 25 34 35 37 
7 10 15 18 25 34 35 38 40 
7 10 15 18 26 38 39 
7 10 15 18 30 35 38 39 
7 10 15 18 31 34 35 37 
7 10 15 18 31 34 35 38 40 
7 10 15 18 33 34 35 38 
7 10 15 19 27 33 34 38 
7 10 15 19 27 38 39 
7 10 15 24 25 27 35 38 39 40 
7 10 15 24 27 31 35 38 39 40 
7 10 15 24 27 33 35 38 39 
7 10 15 25 27 34 35 37 
7 10 15 25 27 34 35 38 40 
7 10 15 26 27 38 39 
7 10 15 27 30 35 38 39 
7 10 15 27 31 34 35 37 
7 10 15 27 31 34 35 38 40 
7 10 15 27 33 34 35 38 
7 10 17 18 19 33 34 38 
7 10 17 18 19 38 39 
7 10 17 18 22 25 35 37 
7 10 17 18 24 25 35 38 39 40 
7 10 17 18 24 31 35 38 39 40 
7 10 17 18 24 33 35 38 39 
7 10 17 18 25 34 35 37 
7 10 17 18 25 34 35 38 40 
7 10 17 18 26 38 39 
7 10 17 18 30 35 38 39 
7 10 17 18 31 34 35 37 
7 10 17 18 31 34 35 38 40 
7 10 17 18 33 34 35 38 
7 10 17 19 27 32 
7 10 17 19 27 33 34 38 
7 10 17 19 27 38 39 
7 10 17 24 25 27 35 38 39 40 
7 10 17 24 27 31 35 38 39 40 
7 10 17 24 27 32 33 35 
7 10 17 24 27 33 35 38 39 
7 10 17 25 27 34 35 37 
7 10 17 25 27 34 35 38 40 
7 10 17 26 27 32 
7 10 17 26 27 38 39 
7 10 17 27 30 32 35 
7 10 17 27 30 35 38 39 
7 10 17 27 31 34 35 37 
7 10 17 27 31 34 35 38 40 
7 10 17 27 33 34 35 38 
7 10 18 19 20 33 34 38 
7 10 18 19 20 38 39 
7 10 18 19 22 23 25 35 38 39 
7 10 18 19 28 33 34 38 
7 10 18 19 28 38 39 
7 10 18 20 22 25 35 37 
7 10 18 20 24 25 35 38 39 40 
7 10 18 20 24 31 35 38 39 40 
7 10 18 20 24 33 35 38 39 
7 10 18 20 25 34 35 37 
7 10 18 20 25 34 35 38 40 
7 10 18 20 26 38 39 
7 10 18 20 30 35 38 39 
7 10 18 20 31 34 35 37 
7 10 18 20 31 34 35 38 40 
7 10 18 20 33 34 35 38 
7 10 18 22 23 24 25 35 38 39 40 
7 10 18 22 23 25 26 35 38 39 
7 10 18 22 23 25 30 35 38 39 
7 10 18 22 23 25 34 35 38 40 
7 10 18 22 23 25 35 37 
7 10 18 22 25 28 35 37 
7 10 18 24 25 28 35 38 39 40 
7 10 18 24 28 31 35 38 39 40 
7 10 18 24 28 33 35 38 39 
7 10 18 25 28 34 35 37 
7 10 18 25 28 34 35 38 40 
7 10 18 26 28 38 39 
7 10 18 28 30 35 38 39 
7 10 18 28 31 34 35 37 
7 10 18 28 31 34 35 38 40 
7 10 18 28 33 34 35 38 
7 10 19 20 27 32 
7 10 19 20 27 33 34 38 
7 10 19 20 27 38 39 
7 10 19 22 25 27 32 35 
7 10 19 22 25 27 35 38 39 
7 10 19 22 27 31 32 34 35 
7 10 19 22 27 31 34 35 38 39 
7 10 20 24 25 27 35 38 39 40 
7 10 20 24 27 31 35 38 39 40 
7 10 20 24 27 32 33 35 
7 10 20 24 27 33 35 38 39 
7 10 20 25 27 34 35 37 
7 10 20 25 27 34 35 38 40 
7 10 20 26 27 32 
7 10 20 26 27 38 39 
7 10 20 27 30 32 35 
7 10 20 27 30 35 38 39 
7 10 20 27 31 34 35 37 
7 10 20 27 31 34 35 38 40 
7 10 20 27 33 34 35 38 
7 10 22 24 25 27 35 38 39 40 
7 10 22 25 26 27 32 35 
7 10 22 25 26 27 35 38 39 
7 10 22 25 27 30 32 35 
7 10 22 25 27 30 35 38 39 
7 10 22 26 27 31 32 34 35 
7 10 22 26 27 31 34 35 38 39 
7 10 22 27 33 34 38 
7 10 22 27 34 38 40 
7 10 22 27 37 
7 10 29 
7 11 42 
7 13 15 
7 13 17 32 
7 13 18 22 25 29 32 35 
7 13 18 25 29 32 34 35 
7 13 18 29 31 32 34 35 
7 13 20 32 
7 13 22 23 25 32 35 
7 13 22 24 27 32 34 38 40 
7 13 22 24 27 32 37 
7 13 22 25 27 32 35 
7 13 22 27 30 32 34 37 
7 13 22 27 30 32 34 38 40 
7 13 22 27 31 32 34 35 
7 13 23 24 25 29 32 35 
7 13 23 25 29 32 34 35 
7 13 24 27 29 32 
7 13 25 27 29 32 34 35 
7 13 27 29 30 32 34 
7 13 27 29 31 32 34 35 
7 13 28 32 
7 13 42 
7 14 15 18 19 
7 14 15 18 22 24 25 35 37 38 39 
7 14 15 18 22 24 27 33 34 
7 14 15 18 22 24 27 34 38 39 40 
7 14 15 18 22 24 27 37 38 39 
7 14 15 18 22 27 30 33 34 
7 14 15 18 22 27 30 34 37 38 39 
7 14 15 18 22 27 30 34 38 39 40 
7 14 15 18 24 25 34 35 37 38 39 
7 14 15 18 24 25 35 38 39 40 
7 14 15 18 24 29 33 34 
7 14 15 18 24 29 38 39 
7 14 15 18 24 31 34 35 37 38 39 
7 14 15 18 24 31 35 38 39 40 
7 14 15 18 24 33 35 
7 14 15 18 26 
7 14 15 18 29 30 33 34 
7 14 15 18 29 30 34 38 39 
7 14 15 18 30 35 
7 15 16 18 19 
7 15 16 18 22 24 25 35 37 38 39 
7 15 16 18 22 24 27 33 34 
7 15 16 18 22 24 27 34 38 39 40 
7 15 16 18 22 24 27 37 38 39 
7 15 16 18 22 27 30 33 34 
7 15 16 18 22 27 30 34 37 38 39 
7 15 16 18 22 27 30 34 38 39 40 
7 15 16 18 24 25 34 35 37 38 39 
7 15 16 18 24 25 35 38 39 40 
7 15 16 18 24 29 33 34 
7 15 16 18 24 29 38 39 
7 15 16 18 24 31 34 35 37 38 39 
7 15 16 18 24 31 35 38 39 40 
7 15 16 18 24 33 35 
7 15 16 18 26 
7 15 16 18 29 30 33 34 
7 15 16 18 29 30 34 38 39 
7 15 16 18 30 35 
7 17 18 19 32 
7 17 18 22 24 25 32 35 37 
7 17 18 24 25 32 34 35 37 
7 17 18 24 25 32 34 35 38 40 
7 17 18 24 25 32 35 38 39 40 
7 17 18 24 31 32 34 35 37 
7 17 18 24 31 32 34 35 38 40 
7 17 18 24 31 32 35 38 39 40 
7 17 18 24 32 33 35 
7 17 18 26 32 
7 17 18 30 32 35 
7 18 19 20 32 
7 18 19 22 23 25 32 35 
7 18 19 22 25 27 32 35 
7 18 19 22 25 29 32 35 
7 18 19 22 27 31 32 34 35 
7 18 19 25 29 32 34 35 
7 18 19 28 32 
7 18 19 29 31 32 34 35 
7 18 20 22 24 25 32 35 37 
7 18 20 24 25 32 34 35 37 
7 18 20 24 25 32 34 35 38 40 
7 18 20 24 25 32 35 38 39 40 
7 18 20 24 31 32 34 35 37 
7 18 20 24 31 32 34 35 38 40 
7 18 20 24 31 32 35 38 39 40 
7 18 20 24 32 33 35 
7 18 20 26 32 
7 18 20 30 32 35 
7 18 22 23 24 25 32 34 35 38 40 
7 18 22 23 24 25 32 35 37 
7 18 22 23 24 25 32 35 38 39 40 
7 18 22 23 25 26 32 35 
7 18 22 23 25 30 32 35 
7 18 22 24 25 27 32 35 38 39 40 
7 18 22 24 25 28 32 35 37 
7 18 22 24 27 32 34 38 40 
7 18 22 24 27 32 37 
7 18 22 25 26 27 32 35 
7 18 22 25 26 29 32 35 
7 18 22 25 27 30 32 35 
7 18 22 25 29 30 32 35 
7 18 22 26 27 31 32 34 35 
7 18 22 27 30 31 32 34 35 
7 18 22 27 30 32 34 37 
7 18 22 27 30 32 34 38 40 
7 18 24 25 28 32 34 35 37 
7 18 24 25 28 32 34 35 38 40 
7 18 24 25 28 32 35 38 39 40 
7 18 24 28 31 32 34 35 37 
7 18 24 28 31 32 34 35 38 40 
7 18 24 28 31 32 35 38 39 40 
7 18 24 28 32 33 35 
7 18 24 29 32 
7 18 25 26 29 32 34 35 
7 18 26 28 32 
7 18 26 29 31 32 34 35 
7 18 28 30 32 35 
7 18 29 30 32 34 
8 9 
8 10 14 15 18 33 34 35 
8 10 14 15 19 27 
8 10 14 15 22 27 33 34 
8 10 14 15 24 27 33 35 
8 10 14 15 26 27 
8 10 14 15 27 30 35 
8 10 14 15 27 33 34 35 
8 10 15 16 18 33 34 35 
8 10 15 16 19 27 
8 10 15 16 22 27 33 34 
8 10 15 16 24 27 33 35 
8 10 15 16 26 27 
8 10 15 16 27 30 35 
8 10 15 16 27 33 34 35 
8 10 15 18 19 33 34 38 
8 10 15 18 19 38 39 
8 10 15 18 22 25 35 37 
8 10 15 18 24 25 35 38 39 40 
8 10 15 18 24 31 35 38 39 40 
8 10 15 18 24 33 35 38 39 
8 10 15 18 25 34 35 37 
8 10 15 18 25 34 35 38 40 
8 10 15 18 26 38 39 
8 10 15 18 30 35 38 39 
8 10 15 18 31 34 35 37 
8 10 15 18 31 34 35 38 40 
8 10 15 18 33 34 35 38 
8 10 15 19 27 33 34 38 
8 10 15 19 27 38 39 
8 10 15 24 25 27 35 38 39 40 
8 10 15 24 27 31 35 38 39 40 
8 10 15 24 27 33 35 38 39 
8 10 15 25 27 34 35 37 
8 10 15 25 27 34 35 38 40 
8 10 15 26 27 38 39 
8 10 15 27 30 35 38 39 
8 10 15 27 31 34 35 37 
8 10 15 27 31 34 35 38 40 
8 10 15 27 33 34 35 38 
8 10 17 18 19 33 34 38 
8 10 17 18 19 38 39 
8 10 17 18 22 25 35 37 
8 10 17 18 24 25 35 38 39 40 
8 10 17 18 24 31 35 38 39 40 
8 10 17 18 24 33 35 38 39 
8 10 17 18 25 34 35 37 
8 10 17 18 25 34 35 38 40 
8 10 17 18 26 38 39 
8 10 17 18 30 35 38 39 
8 10 17 18 31 34 35 37 
8 10 17 18 31 34 35 38 40 
8 10 17 18 33 34 35 38 
8 10 17 19 27 32 
8 10 17 19 27 33 34 38 
8 10 17 19 27 38 39 
8 10 17 24 25 27 35 38 39 40 
8 10 17 24 27 31 35 38 39 40 
8 10 17 24 27 32 33 35 
8 10 17 24 27 33 35 38 39 
8 10 17 25 27 34 35 37 
8 10 17 25 27 34 35 38 40 
8 10 17 26 27 32 
8 10 17 26 27 38 39 
8 10 17 27 30 32 35 
8 10 17 27 30 35 38 39 
8 10 17 27 31 34 35 37 
8 10 17 27 31 34 35 38 40 
8 10 17 27 33 34 35 38 
8 10 18 19 20 33 34 38 
8 10 18 19 20 38 39 
8 10 18 19 22 23 25 35 38 39 
8 10 18 19 28 33 34 38 
8 10 18 19 28 38 39 
8 10 18 20 22 25 35 37 
8 10 18 20 24 25 35 38 39 40 
8 10 18 20 24 31 35 38 39 40 
8 10 18 20 24 33 35 38 39 
8 10 18 20 25 34 35 37 
8 10 18 20 25 34 35 38 40 
8 10 18 20 26 38 39 
8 10 18 20 30 35 38 39 
8 10 18 20 31 34 35 37 
8 10 18 20 31 34 35 38 40 
8 10 18 20 33 34 35 38 
8 10 18 22 23 24 25 35 38 39 40 
8 10 18 22 23 25 26 35 38 39 
8 10 18 22 23 25 30 35 38 39 
8 10 18 22 23 25 34 35 38 40 
8 10 18 22 23 25 35 37 
8 10 18 22 25 28 35 37 
8 10 18 24 25 28 35 38 39 40 
8 10 18 24 28 31 35 38 39 40 
8 10 18 24 28 33 35 38 39 
8 10 18 25 28 34 35 37 
8 10 18 25 28 34 35 38 40 
8 10 18 26 28 38 39 
8 10 18 28 30 35 38 39 
8 10 18 28 31 34 35 37 
8 10 18 28 31 34 35 38 40 
8 10 18 28 33 34 35 38 
8 10 19 20 27 32 
8 10 19 20 27 33 34 38 
8 10 19 20 27 38 39 
8 10 19 22 25 27 32 35 
8 10 19 22 25 27 35 38 39 
8 10 19 22 27 31 32 34 35 
8 10 19 22 27 31 34 35 38 39 
8 10 20 24 25 27 35 38 39 40 
8 10 20 24 27 31 35 38 39 40 
8 10 20 24 27 32 33 35 
8 10 20 24 27 33 35 38 39 
8 10 20 25 27 34 35 37 
8 10 20 25 27 34 35 38 40 
8 10 20 26 27 32 
8 10 20 26 27 38 39 
8 10 20 27 30 32 35 
8 10 20 27 30 35 38 39 
8 10 20 27 31 34 35 37 
8 10 20 27 31 34 35 38 40 
8 10 20 27 33 34 35 38 
8 10 22 24 25 27 35 38 39 40 
8 10 22 25 26 27 32 35 
8 10 22 25 26 27 35 38 39 
8 10 22 25 27 30 32 35 
8 10 22 25 27 30 35 38 39 
8 10 22 26 27 31 32 34 35 
8 10 22 26 27 31 34 35 38 39 
8 10 22 27 33 34 38 
8 10 22 27 34 38 40 
8 10 22 27 37 
8 10 29 
8 11 
8 13 
8 14 15 18 19 
8 14 15 18 22 24 25 35 37 38 39 
8 14 15 18 22 24 27 33 34 
8 14 15 18 22 24 27 34 38 39 40 
8 14 15 18 22 24 27 37 38 39 
8 14 15 18 22 27 30 33 34 
8 14 15 18 22 27 30 34 37 38 39 
8 14 15 18 22 27 30 34 38 39 40 
8 14 15 18 24 25 34 35 37 38 39 
8 14 15 18 24 25 35 38 39 40 
8 14 15 18 24 29 33 34 
8 14 15 18 24 29 38 39 
8 14 15 18 24 31 34 35 37 38 39 
8 14 15 18 24 31 35 38 39 40 
8 14 15 18 24 33 35 
8 14 15 18 26 
8 14 15 18 29 30 33 34 
8 14 15 18 29 30 34 38 39 
8 14 15 18 30 35 
8 15 16 18 19 
8 15 16 18 22 24 25 35 37 38 39 
8 15 16 18 22 24 27 33 34 
8 15 16 18 22 24 27 34 38 39 40 
8 15 16 18 22 24 27 37 38 39 
8 15 16 18 22 27 30 33 34 
8 15 16 18 22 27 30 34 37 38 39 
8 15 16 18 22 27 30 34 38 39 40 
8 15 16 18 24 25 34 35 37 38 39 
8 15 16 18 24 25 35 38 39 40 
8 15 16 18 24 29 33 34 
8 15 16 18 24 29 38 39 
8 15 16 18 24 31 34 35 37 38 39 
8 15 16 18 24 31 35 38 39 40 
8 15 16 18 24 33 35 
8 15 16 18 26 
8 15 16 18 29 30 33 34 
8 15 16 18 29 30 34 38 39 
8 15 16 18 30 35 
8 17 18 19 32 
8 17 18 22 24 25 32 35 37 
8 17 18 24 25 32 34 35 37 
8 17 18 24 25 32 34 35 38 40 
8 17 18 24 25 32 35 38 39 40 
8 17 18 24 31 32 34 35 37 
8 17 18 24 31 32 34 35 38 40 
8 17 18 24 31 32 35 38 39 40 
8 17 18 24 32 33 35 
8 17 18 26 32 
8 17 18 30 32 35 
8 18 19 20 32 
8 18 19 22 23 25 32 35 
8 18 19 22 25 27 32 35 
8 18 19 22 25 29 32 35 
8 18 19 22 27 31 32 34 35 
8 18 19 25 29 32 34 35 
8 18 19 28 32 
8 18 19 29 31 32 34 35 
8 18 20 22 24 25 32 35 37 
8 18 20 24 25 32 34 35 37 
8 18 20 24 25 32 34 35 38 40 
8 18 20 24 25 32 35 38 39 40 
8 18 20 24 31 32 34 35 37 
8 18 20 24 31 32 34 35 38 40 
8 18 20 24 31 32 35 38 39 40 
8 18 20 24 32 33 35 
8 18 20 26 32 
8 18 20 30 32 35 
8 18 22 23 24 25 32 34 35 38 40 
8 18 22 23 24 25 32 35 37 
8 18 22 23 24 25 32 35 38 39 40 
8 18 22 23 25 26 32 35 
8 18 22 23 25 30 32 35 
8 18 22 24 25 27 32 35 38 39 40 
8 18 22 24 25 28 32 35 37 
8 18 22 24 27 32 34 38 40 
8 18 22 24 27 32 37 
8 18 22 25 26 27 32 35 
8 18 22 25 26 29 32 35 
8 18 22 25 27 30 32 35 
8 18 22 25 29 30 32 35 
8 18 22 26 27 31 32 34 35 
8 18 22 27 30 31 32 34 35 
8 18 22 27 30 32 34 37 
8 18 22 27 30 32 34 38 40 
8 18 24 25 28 32 34 35 37 
8 18 24 25 28 32 34 35 38 40 
8 18 24 25 28 32 35 38 39 40 
8 18 24 28 31 32 34 35 37 
8 18 24 28 31 32 34 35 38 40 
8 18 24 28 31 32 35 38 39 40 
8 18 24 28 32 33 35 
8 18 24 29 32 
8 18 25 26 29 32 34 35 
8 18 26 28 32 
8 18 26 29 31 32 34 35 
8 18 28 30 32 35 
8 18 29 30 32 34 
8 41 
9 10 13 17 22 25 35 37 
9 10 13 17 25 34 35 37 
9 10 13 17 25 34 35 38 40 
9 10 13 17 31 34 35 37 
9 10 13 17 31 34 35 38 40 
9 10 13 17 33 34 38 
9 10 13 17 38 39 
9 10 13 20 22 25 35 37 
9 10 13 20 25 34 35 37 
9 10 13 20 25 34 35 38 40 
9 10 13 20 31 34 35 37 
9 10 13 20 31 34 35 38 40 
9 10 13 20 33 34 38 
9 10 13 20 38 39 
9 10 13 22 23 25 34 35 38 40 
9 10 13 22 23 25 35 37 
9 10 13 22 23 25 35 38 39 
9 10 13 22 25 28 35 37 
9 10 13 25 28 34 35 37 
9 10 13 25 28 34 35 38 40 
9 10 13 28 31 34 35 37 
9 10 13 28 31 34 35 38 40 
9 10 13 28 33 34 38 
9 10 13 28 38 39 
9 10 14 15 18 33 34 35 
9 10 14 15 19 27 
9 10 14 15 22 27 33 34 
9 10 14 15 24 27 33 35 
9 10 14 15 26 27 
9 10 14 15 27 30 35 
9 10 14 15 27 33 34 35 
9 10 15 16 18 33 34 35 
9 10 15 16 19 27 
9 10 15 16 22 27 33 34 
9 10 15 16 24 27 33 35 
9 10 15 16 26 27 
9 10 15 16 27 30 35 
9 10 15 16 27 33 34 35 
9 10 15 18 19 33 34 38 
9 10 15 18 19 38 39 
9 10 15 18 26 38 39 
9 10 15 18 30 35 38 39 
9 10 15 19 27 33 34 38 
9 10 15 19 27 38 39 
9 10 15 26 27 38 39 
9 10 15 27 30 35 38 39 
9 10 17 18 19 33 34 38 
9 10 17 18 19 38 39 
9 10 17 18 26 38 39 
9 10 17 18 30 35 38 39 
9 10 17 19 27 32 
9 10 17 19 27 33 34 38 
9 10 17 19 27 38 39 
9 10 17 26 27 32 
9 10 17 26 27 38 39 
9 10 17 27 30 32 35 
9 10 17 27 30 35 38 39 
9 10 18 19 20 33 34 38 
9 10 18 19 20 38 39 
9 10 18 19 22 23 25 35 38 39 
9 10 18 19 28 33 34 38 
9 10 18 19 28 38 39 
9 10 18 20 26 38 39 
9 10 18 20 30 35 38 39 
9 10 18 22 23 25 26 35 38 39 
9 10 18 22 23 25 30 35 38 39 
9 10 18 26 28 38 39 
9 10 18 28 30 35 38 39 
9 10 19 20 27 32 
9 10 19 20 27 33 34 38 
9 10 19 20 27 38 39 
9 10 19 22 25 27 32 35 
9 10 19 22 25 27 35 38 39 
9 10 19 22 27 31 32 34 35 
9 10 19 22 27 31 34 35 38 39 
9 10 20 26 27 32 
9 10 20 26 27 38 39 
9 10 20 27 30 32 35 
9 10 20 27 30 35 38 39 
9 10 22 25 26 27 32 35 
9 10 22 25 26 27 35 38 39 
9 10 22 25 27 30 32 35 
9 10 22 25 27 30 35 38 39 
9 10 22 26 27 31 32 34 35 
9 10 22 26 27 31 34 35 38 39 
9 11 42 
9 13 15 
9 13 17 18 24 33 34 38 
9 13 17 18 24 38 39 
9 13 17 18 30 33 34 38 
9 13 17 18 30 34 38 39 
9 13 17 24 27 33 34 38 
9 13 17 24 27 38 39 
9 13 17 27 30 33 34 38 
9 13 17 27 30 34 38 39 
9 13 17 32 
9 13 18 20 24 33 34 38 
9 13 18 20 24 38 39 
9 13 18 20 30 33 34 38 
9 13 18 20 30 34 38 39 
9 13 18 22 23 24 25 35 38 39 
9 13 18 22 25 29 32 35 
9 13 18 22 25 32 35 37 
9 13 18 24 28 33 34 38 
9 13 18 24 28 38 39 
9 13 18 25 29 32 34 35 
9 13 18 25 32 34 35 37 
9 13 18 25 32 34 35 38 40 
9 13 18 28 30 33 34 38 
9 13 18 28 30 34 38 39 
9 13 18 29 31 32 34 35 
9 13 18 31 32 34 35 37 
9 13 18 31 32 34 35 38 40 
9 13 20 24 27 33 34 38 
9 13 20 24 27 38 39 
9 13 20 27 30 33 34 38 
9 13 20 27 30 34 38 39 
9 13 20 32 
9 13 22 23 25 32 35 
9 13 22 24 25 27 35 38 39 
9 13 22 24 27 31 34 35 38 39 
9 13 22 25 27 32 35 
9 13 22 27 31 32 34 35 
9 13 23 24 25 29 32 35 
9 13 23 25 29 32 34 35 
9 13 24 27 32 
9 13 25 27 29 32 34 35 
9 13 25 27 32 34 35 37 
9 13 25 27 32 34 35 38 40 
9 13 27 29 31 32 34 35 
9 13 27 30 32 34 
9 13 27 31 32 34 35 37 
9 13 27 31 32 34 35 38 40 
9 13 28 32 
9 13 42 
9 14 15 18 19 
9 14 15 18 22 24 27 33 34 
9 14 15 18 22 27 30 33 34 
9 14 15 18 24 29 33 34 
9 14 15 18 24 33 34 38 
9 14 15 18 24 33 35 
9 14 15 18 24 38 39 
9 14 15 18 26 
9 14 15 18 29 30 33 34 
9 14 15 18 30 33 34 38 
9 14 15 18 30 34 38 39 
9 14 15 18 30 35 
9 15 16 18 19 
9 15 16 18 22 24 27 33 34 
9 15 16 18 22 27 30 33 34 
9 15 16 18 24 29 33 34 
9 15 16 18 24 33 34 38 
9 15 16 18 24 33 35 
9 15 16 18 24 38 39 
9 15 16 18 26 
9 15 16 18 29 30 33 34 
9 15 16 18 30 33 34 38 
9 15 16 18 30 34 38 39 
9 15 16 18 30 35 
9 15 18 19 24 33 34 38 
9 15 18 19 24 38 39 
9 15 18 19 30 33 34 38 
9 15 18 19 30 34 38 39 
9 15 18 22 25 35 37 
9 15 18 24 25 35 38 39 40 
9 15 18 24 26 38 39 
9 15 18 24 30 35 38 39 
9 15 18 24 31 35 38 39 40 
9 15 18 24 33 35 38 39 
9 15 18 25 34 35 37 
9 15 18 25 34 35 38 40 
9 15 18 26 30 34 38 39 
9 15 18 26 33 34 38 
9 15 18 30 34 35 38 39 
9 15 18 31 34 35 37 
9 15 18 31 34 35 38 40 
9 15 18 33 34 35 38 
9 15 19 24 27 33 34 38 
9 15 19 24 27 38 39 
9 15 19 27 30 33 34 38 
9 15 19 27 30 34 38 39 
9 15 24 25 27 35 38 39 40 
9 15 24 26 27 38 39 
9 15 24 27 30 35 38 39 
9 15 24 27 31 35 38 39 40 
9 15 24 27 33 35 38 39 
9 15 25 27 34 35 37 
9 15 25 27 34 35 38 40 
9 15 26 27 30 34 38 39 
9 15 26 27 33 34 38 
9 15 27 30 34 35 38 39 
9 15 27 31 34 35 37 
9 15 27 31 34 35 38 40 
9 15 27 33 34 35 38 
9 17 18 19 24 33 34 38 
9 17 18 19 24 38 39 
9 17 18 19 30 33 34 38 
9 17 18 19 30 34 38 39 
9 17 18 19 32 
9 17 18 22 25 35 37 
9 17 18 24 25 35 38 39 40 
9 17 18 24 26 38 39 
9 17 18 24 30 35 38 39 
9 17 18 24 31 35 38 39 40 
9 17 18 24 33 35 38 39 
9 17 18 25 34 35 37 
9 17 18 25 34 35 38 40 
9 17 18 26 30 34 38 39 
9 17 18 26 32 
9 17 18 26 33 34 38 
9 17 18 30 32 35 
9 17 18 30 34 35 38 39 
9 17 18 31 34 35 37 
9 17 18 31 34 35 38 40 
9 17 18 33 34 35 38 
9 17 19 24 27 32 
9 17 19 24 27 33 34 38 
9 17 19 24 27 38 39 
9 17 19 27 30 32 34 
9 17 19 27 30 33 34 38 
9 17 19 27 30 34 38 39 
9 17 24 25 27 35 38 39 40 
9 17 24 26 27 32 
9 17 24 26 27 38 39 
9 17 24 27 30 32 35 
9 17 24 27 30 35 38 39 
9 17 24 27 31 35 38 39 40 
9 17 24 27 32 33 35 
9 17 24 27 33 35 38 39 
9 17 25 27 34 35 37 
9 17 25 27 34 35 38 40 
9 17 26 27 30 32 34 
9 17 26 27 30 34 38 39 
9 17 26 27 33 34 38 
9 17 27 30 32 34 35 
9 17 27 30 34 35 38 39 
9 17 27 31 34 35 37 
9 17 27 31 34 35 38 40 
9 17 27 33 34 35 38 
9 18 19 20 24 33 34 38 
9 18 19 20 24 38 39 
9 18 19 20 30 33 34 38 
9 18 19 20 30 34 38 39 
9 18 19 20 32 
9 18 19 22 23 24 25 35 38 39 
9 18 19 22 23 25 32 35 
9 18 19 22 25 27 32 35 
9 18 19 22 25 29 32 35 
9 18 19 22 25 32 35 37 
9 18 19 22 27 31 32 34 35 
9 18 19 24 28 33 34 38 
9 18 19 24 28 38 39 
9 18 19 25 29 32 34 35 
9 18 19 25 32 34 35 37 
9 18 19 25 32 34 35 38 40 
9 18 19 28 30 33 34 38 
9 18 19 28 30 34 38 39 
9 18 19 28 32 
9 18 19 29 31 32 34 35 
9 18 19 31 32 34 35 37 
9 18 19 31 32 34 35 38 40 
9 18 20 22 25 35 37 
9 18 20 24 25 35 38 39 40 
9 18 20 24 26 38 39 
9 18 20 24 30 35 38 39 
9 18 20 24 31 35 38 39 40 
9 18 20 24 33 35 38 39 
9 18 20 25 34 35 37 
9 18 20 25 34 35 38 40 
9 18 20 26 30 34 38 39 
9 18 20 26 32 
9 18 20 26 33 34 38 
9 18 20 30 32 35 
9 18 20 30 34 35 38 39 
9 18 20 31 34 35 37 
9 18 20 31 34 35 38 40 
9 18 20 33 34 35 38 
9 18 22 23 24 25 26 35 38 39 
9 18 22 23 24 25 30 35 38 39 
9 18 22 23 24 25 35 38 39 40 
9 18 22 23 25 26 32 35 
9 18 22 23 25 30 32 35 
9 18 22 23 25 30 34 35 38 39 
9 18 22 23 25 34 35 38 40 
9 18 22 23 25 35 37 
9 18 22 25 26 27 32 35 
9 18 22 25 26 29 32 35 
9 18 22 25 26 32 35 37 
9 18 22 25 27 30 32 35 
9 18 22 25 28 35 37 
9 18 22 25 29 30 32 35 
9 18 22 25 30 32 35 37 
9 18 22 26 27 31 32 34 35 
9 18 24 25 28 35 38 39 40 
9 18 24 26 28 38 39 
9 18 24 28 30 35 38 39 
9 18 24 28 31 35 38 39 40 
9 18 24 28 33 35 38 39 
9 18 24 32 
9 18 25 26 29 32 34 35 
9 18 25 26 32 34 35 37 
9 18 25 26 32 34 35 38 40 
9 18 25 28 34 35 37 
9 18 25 28 34 35 38 40 
9 18 26 28 30 34 38 39 
9 18 26 28 32 
9 18 26 28 33 34 38 
9 18 26 29 31 32 34 35 
9 18 26 31 32 34 35 37 
9 18 26 31 32 34 35 38 40 
9 18 28 30 32 35 
9 18 28 30 34 35 38 39 
9 18 28 31 34 35 37 
9 18 28 31 34 35 38 40 
9 18 28 33 34 35 38 
9 18 30 32 34 
9 19 20 24 27 32 
9 19 20 24 27 33 34 38 
9 19 20 24 27 38 39 
9 19 20 27 30 32 34 
9 19 20 27 30 33 34 38 
9 19 20 27 30 34 38 39 
9 19 22 24 25 27 32 35 
9 19 22 24 25 27 35 38 39 
9 19 22 24 27 31 32 34 35 
9 19 22 24 27 31 34 35 38 39 
9 20 24 25 27 35 38 39 40 
9 20 24 26 27 32 
9 20 24 26 27 38 39 
9 20 24 27 30 32 35 
9 20 24 27 30 35 38 39 
9 20 24 27 31 35 38 39 40 
9 20 24 27 32 33 35 
9 20 24 27 33 35 38 39 
9 20 25 27 34 35 37 
9 20 25 27 34 35 38 40 
9 20 26 27 30 32 34 
9 20 26 27 30 34 38 39 
9 20 26 27 33 34 38 
9 20 27 30 32 34 35 
9 20 27 30 34 35 38 39 
9 20 27 31 34 35 37 
9 20 27 31 34 35 38 40 
9 20 27 33 34 35 38 
9 22 24 25 26 27 32 35 
9 22 24 25 26 27 35 38 39 
9 22 24 25 27 30 32 35 
9 22 24 25 27 30 35 38 39 
9 22 24 25 27 35 38 39 40 
9 22 24 26 27 31 32 34 35 
9 22 24 26 27 31 34 35 38 39 
9 22 25 27 30 32 34 35 
9 22 25 27 30 34 35 38 39 
9 22 27 30 31 32 34 35 
9 22 27 30 31 34 35 38 39 
9 22 27 33 34 38 
9 22 27 34 38 40 
9 22 27 37 
9 41 
10 11 14 15 18 33 34 35 42 
10 11 14 15 19 27 42 
10 11 14 15 22 27 33 34 42 
10 11 14 15 24 27 33 35 42 
10 11 14 15 26 27 42 
10 11 14 15 27 30 35 42 
10 11 14 15 27 33 34 35 42 
10 11 15 16 18 33 34 35 42 
10 11 15 16 19 27 42 
10 11 15 16 22 27 33 34 42 
10 11 15 16 24 27 33 35 42 
10 11 15 16 26 27 42 
10 11 15 16 27 30 35 42 
10 11 15 16 27 33 34 35 42 
10 11 15 18 19 33 34 38 42 
10 11 15 18 19 38 39 42 
10 11 15 18 22 25 35 37 42 
10 11 15 18 24 25 35 38 39 40 42 
10 11 15 18 24 31 35 38 39 40 42 
10 11 15 18 24 33 35 38 39 42 
10 11 15 18 25 34 35 37 42 
10 11 15 18 25 34 35 38 40 42 
10 11 15 18 26 38 39 42 
10 11 15 18 30 35 38 39 42 
10 11 15 18 31 34 35 37 42 
10 11 15 18 31 34 35 38 40 42 
10 11 15 18 33 34 35 38 42 
10 11 15 19 27 33 34 38 42 
10 11 15 19 27 38 39 42 
10 11 15 24 25 27 35 38 39 40 42 
10 11 15 24 27 31 35 38 39 40 42 
10 11 15 24 27 33 35 38 39 42 
10 11 15 25 27 34 35 37 42 
10 11 15 25 27 34 35 38 40 42 
10 11 15 26 27 38 39 42 
10 11 15 27 30 35 38 39 42 
10 11 15 27 31 34 35 37 42 
10 11 15 27 31 34 35 38 40 42 
10 11 15 27 33 34 35 38 42 
10 11 17 18 19 33 34 38 42 
10 11 17 18 19 38 39 42 
10 11 17 18 22 25 35 37 42 
10 11 17 18 24 25 35 38 39 40 42 
10 11 17 18 24 31 35 38 39 40 42 
10 11 17 18 24 33 35 38 39 42 
10 11 17 18 25 34 35 37 42 
10 11 17 18 25 34 35 38 40 42 
10 11 17 18 26 38 39 42 
10 11 17 18 30 35 38 39 42 
10 11 17 18 31 34 35 37 42 
10 11 17 18 31 34 35 38 40 42 
10 11 17 18 33 34 35 38 42 
10 11 17 19 27 32 42 
10 11 17 19 27 33 34 38 42 
10 11 17 19 27 38 39 42 
10 11 17 24 25 27 35 38 39 40 42 
10 11 17 24 27 31 35 38 39 40 42 
10 11 17 24 27 32 33 35 42 
10 11 17 24 27 33 35 38 39 42 
10 11 17 25 27 34 35 37 42 
10 11 17 25 27 34 35 38 40 42 
10 11 17 26 27 32 42 
10 11 17 26 27 38 39 42 
10 11 17 27 30 32 35 42 
10 11 17 27 30 35 38 39 42 
10 11 17 27 31 34 35 37 42 
10 11 17 27 31 34 35 38 40 42 
10 11 17 27 33 34 35 38 42 
10 11 18 19 20 33 34 38 42 
10 11 18 19 20 38 39 42 
10 11 18 19 22 23 25 35 38 39 42 
10 11 18 19 28 33 34 38 42 
10 11 18 19 28 38 39 42 
10 11 18 20 22 25 35 37 42 
10 11 18 20 24 25 35 38 39 40 42 
10 11 18 20 24 31 35 38 39 40 42 
10 11 18 20 24 33 35 38 39 42 
10 11 18 20 25 34 35 37 42 
10 11 18 20 25 34 35 38 40 42 
10 11 18 20 26 38 39 42 
10 11 18 20 30 35 38 39 42 
10 11 18 20 31 34 35 37 42 
10 11 18 20 31 34 35 38 40 42 
10 11 18 20 33 34 35 38 42 
10 11 18 22 23 24 25 35 38 39 40 42 
10 11 18 22 23 25 26 35 38 39 42 
10 11 18 22 23 25 30 35 38 39 42 
10 11 18 22 23 25 34 35 38 40 42 
10 11 18 22 23 25 35 37 42 
10 11 18 22 25 28 35 37 42 
10 11 18 24 25 28 35 38 39 40 42 
10 11 18 24 28 31 35 38 39 40 42 
10 11 18 24 28 33 35 38 39 42 
10 11 18 25 28 34 35 37 42 
10 11 18 25 28 34 35 38 40 42 
10 11 18 26 28 38 39 42 
10 11 18 28 30 35 38 39 42 
10 11 18 28 31 34 35 37 42 
10 11 18 28 31 34 35 38 40 42 
10 11 18 28 33 34 35 38 42 
10 11 19 20 27 32 42 
10 11 19 20 27 33 34 38 42 
10 11 19 20 27 38 39 42 
10 11 19 22 25 27 32 35 42 
10 11 19 22 25 27 35 38 39 42 
10 11 19 22 27 31 32 34 35 42 
10 11 19 22 27 31 34 35 38 39 42 
10 11 20 24 25 27 35 38 39 40 42 
10 11 20 24 27 31 35 38 39 40 42 
10 11 20 24 27 32 33 35 42 
10 11 20 24 27 33 35 38 39 42 
10 11 20 25 27 34 35 37 42 
10 11 20 25 27 34 35 38 40 42 
10 11 20 26 27 32 42 
10 11 20 26 27 38 39 42 
10 11 20 27 30 32 35 42 
10 11 20 27 30 35 38 39 42 
10 11 20 27 31 34 35 37 42 
10 11 20 27 31 34 35 38 40 42 
10 11 20 27 33 34 35 38 42 
10 11 22 24 25 27 35 38 39 40 42 
10 11 22 25 26 27 32 35 42 
10 11 22 25 26 27 35 38 39 42 
10 11 22 25 27 30 32 35 42 
10 11 22 25 27 30 35 38 39 42 
10 11 22 26 27 31 32 34 35 42 
10 11 22 26 27 31 34 35 38 39 42 
10 11 22 27 33 34 38 42 
10 11 22 27 34 38 40 42 
10 11 22 27 37 42 
10 11 29 42 
10 13 15 22 25 35 37 
10 13 15 25 34 35 37 
10 13 15 25 34 35 38 40 
10 13 15 29 
10 13 15 31 34 35 37 
10 13 15 31 34 35 38 40 
10 13 15 33 34 38 
10 13 15 38 39 
10 13 17 22 25 29 35 
10 13 17 22 25 35 37 41 
10 13 17 22 25 35 37 42 
10 13 17 25 29 34 35 
10 13 17 25 34 35 37 41 
10 13 17 25 34 35 37 42 
10 13 17 25 34 35 38 40 41 
10 13 17 25 34 35 38 40 42 
10 13 17 29 31 34 35 
10 13 17 29 32 
10 13 17 29 33 34 
10 13 17 29 38 39 
10 13 17 31 34 35 37 41 
10 13 17 31 34 35 37 42 
10 13 17 31 34 35 38 40 41 
10 13 17 31 34 35 38 40 42 
10 13 17 33 34 38 41 
10 13 17 33 34 38 42 
10 13 17 38 39 41 
10 13 17 38 39 42 
10 13 20 22 25 29 35 
10 13 20 22 25 35 37 41 
10 13 20 22 25 35 37 42 
10 13 20 25 29 34 35 
10 13 20 25 34 35 37 41 
10 13 20 25 34 35 37 42 
10 13 20 25 34 35 38 40 41 
10 13 20 25 34 35 38 40 42 
10 13 20 29 31 34 35 
10 13 20 29 32 
10 13 20 29 33 34 
10 13 20 29 38 39 
10 13 20 31 34 35 37 41 
10 13 20 31 34 35 37 42 
10 13 20 31 34 35 38 40 41 
10 13 20 31 34 35 38 40 42 
10 13 20 33 34 38 41 
10 13 20 33 34 38 42 
10 13 20 38 39 41 
10 13 20 38 39 42 
10 13 22 23 25 34 35 38 40 41 
10 13 22 23 25 34 35 38 40 42 
10 13 22 23 25 35 37 41 
10 13 22 23 25 35 37 42 
10 13 22 23 25 35 38 39 41 
10 13 22 23 25 35 38 39 42 
10 13 22 25 28 35 37 41 
10 13 22 25 28 35 37 42 
10 13 22 25 29 32 35 
10 13 22 25 29 35 38 39 
10 13 22 25 32 35 37 
10 13 22 25 35 37 38 39 
10 13 23 25 29 35 
10 13 25 28 29 35 
10 13 25 28 34 35 37 41 
10 13 25 28 34 35 37 42 
10 13 25 28 34 35 38 40 41 
10 13 25 28 34 35 38 40 42 
10 13 25 29 32 34 35 
10 13 25 29 34 35 38 39 
10 13 25 32 34 35 37 
10 13 25 32 34 35 38 40 
10 13 25 34 35 37 38 39 
10 13 25 34 35 38 39 40 
10 13 27 
10 13 28 29 32 
10 13 28 29 38 39 
10 13 28 31 34 35 37 41 
10 13 28 31 34 35 37 42 
10 13 28 31 34 35 38 40 41 
10 13 28 31 34 35 38 40 42 
10 13 28 33 34 38 41 
10 13 28 33 34 38 42 
10 13 28 38 39 41 
10 13 28 38 39 42 
10 13 29 31 32 34 35 
10 13 29 31 34 35 38 39 
10 13 29 42 
10 13 31 32 34 35 37 
10 13 31 32 34 35 38 40 
10 13 31 34 35 37 38 39 
10 13 31 34 35 38 39 40 
10 13 33 34 35 
10 14 15 18 19 29 
10 14 15 18 24 29 33 35 
10 14 15 18 26 29 
10 14 15 18 29 30 35 
10 14 15 18 33 34 35 41 
10 14 15 19 22 25 29 35 
10 14 15 19 22 25 35 37 
10 14 15 19 22 27 34 38 40 
10 14 15 19 22 27 37 
10 14 15 19 23 25 29 35 
10 14 15 19 25 29 34 35 
10 14 15 19 25 34 35 37 
10 14 15 19 25 34 35 38 40 
10 14 15 19 27 29 
10 14 15 19 27 41 
10 14 15 19 29 31 34 35 
10 14 15 19 31 34 35 37 
10 14 15 19 31 34 35 38 40 
10 14 15 22 24 27 33 35 37 
10 14 15 22 25 26 29 35 
10 14 15 22 25 26 35 37 
10 14 15 22 25 29 30 35 
10 14 15 22 25 30 35 37 
10 14 15 22 26 27 34 38 40 
10 14 15 22 26 27 37 
10 14 15 22 27 30 35 37 
10 14 15 22 27 33 34 41 
10 14 15 23 25 26 29 35 
10 14 15 23 25 29 30 35 
10 14 15 24 27 29 33 35 
10 14 15 24 27 33 35 41 
10 14 15 25 26 29 34 35 
10 14 15 25 26 34 35 37 
10 14 15 25 26 34 35 38 40 
10 14 15 26 27 29 
10 14 15 26 27 41 
10 14 15 26 29 31 34 35 
10 14 15 26 31 34 35 37 
10 14 15 26 31 34 35 38 40 
10 14 15 27 29 30 35 
10 14 15 27 30 35 41 
10 14 15 27 33 34 35 41 
10 14 15 29 33 34 
10 14 15 33 34 38 
10 14 15 38 39 
10 15 16 18 19 29 
10 15 16 18 24 29 33 35 
10 15 16 18 26 29 
10 15 16 18 29 30 35 
10 15 16 18 33 34 35 41 
10 15 16 19 22 25 29 35 
10 15 16 19 22 25 35 37 
10 15 16 19 22 27 34 38 40 
10 15 16 19 22 27 37 
10 15 16 19 23 25 29 35 
10 15 16 19 25 29 34 35 
10 15 16 19 25 34 35 37 
10 15 16 19 25 34 35 38 40 
10 15 16 19 27 29 
10 15 16 19 27 41 
10 15 16 19 29 31 34 35 
10 15 16 19 31 34 35 37 
10 15 16 19 31 34 35 38 40 
10 15 16 22 24 27 33 35 37 
10 15 16 22 25 26 29 35 
10 15 16 22 25 26 35 37 
10 15 16 22 25 29 30 35 
10 15 16 22 25 30 35 37 
10 15 16 22 26 27 34 38 40 
10 15 16 22 26 27 37 
10 15 16 22 27 30 35 37 
10 15 16 22 27 33 34 41 
10 15 16 23 25 26 29 35 
10 15 16 23 25 29 30 35 
10 15 16 24 27 29 33 35 
10 15 16 24 27 33 35 41 
10 15 16 25 26 29 34 35 
10 15 16 25 26 34 35 37 
10 15 16 25 26 34 35 38 40 
10 15 16 26 27 29 
10 15 16 26 27 41 
10 15 16 26 29 31 34 35 
10 15 16 26 31 34 35 37 
10 15 16 26 31 34 35 38 40 
10 15 16 27 29 30 35 
10 15 16 27 30 35 41 
10 15 16 27 33 34 35 41 
10 15 16 29 33 34 
10 15 16 33 34 38 
10 15 16 38 39 
10 15 18 19 29 33 34 
10 15 18 19 29 38 39 
10 15 18 19 33 34 38 41 
10 15 18 19 38 39 41 
10 15 18 22 25 35 37 41 
10 15 18 24 25 35 38 39 40 41 
10 15 18 24 31 35 38 39 40 41 
10 15 18 24 33 35 38 39 41 
10 15 18 25 34 35 37 41 
10 15 18 25 34 35 38 40 41 
10 15 18 26 29 38 39 
10 15 18 26 38 39 41 
10 15 18 29 30 35 38 39 
10 15 18 30 35 38 39 41 
10 15 18 31 34 35 37 41 
10 15 18 31 34 35 38 40 41 
10 15 18 33 34 35 38 41 
10 15 19 22 27 33 34 
10 15 19 22 27 34 38 39 40 
10 15 19 22 27 37 38 39 
10 15 19 23 25 29 35 38 39 
10 15 19 27 29 33 34 
10 15 19 27 29 38 39 
10 15 19 27 33 34 38 41 
10 15 19 27 38 39 41 
10 15 22 26 27 34 38 39 40 
10 15 22 26 27 37 38 39 
10 15 22 27 30 35 37 38 39 
10 15 23 25 26 29 35 38 39 
10 15 23 25 29 30 35 38 39 
10 15 24 25 27 35 38 39 40 41 
10 15 24 27 31 35 38 39 40 41 
10 15 24 27 33 35 38 39 41 
10 15 25 27 34 35 37 41 
10 15 25 27 34 35 38 40 41 
10 15 26 27 29 38 39 
10 15 26 27 38 39 41 
10 15 27 29 30 35 38 39 
10 15 27 30 35 38 39 41 
10 15 27 31 34 35 37 41 
10 15 27 31 34 35 38 40 41 
10 15 27 33 34 35 38 41 
10 17 18 19 29 32 
10 17 18 19 29 33 34 
10 17 18 19 29 38 39 
10 17 18 19 33 34 38 41 
10 17 18 19 38 39 41 
10 17 18 22 25 35 37 41 
10 17 18 24 25 35 38 39 40 41 
10 17 18 24 31 35 38 39 40 41 
10 17 18 24 33 35 38 39 41 
10 17 18 25 34 35 37 41 
10 17 18 25 34 35 38 40 41 
10 17 18 26 29 32 
10 17 18 26 29 38 39 
10 17 18 26 38 39 41 
10 17 18 29 30 32 35 
10 17 18 29 30 35 38 39 
10 17 18 30 35 38 39 41 
10 17 18 31 34 35 37 41 
10 17 18 31 34 35 38 40 41 
10 17 18 33 34 35 38 41 
10 17 19 22 27 32 34 38 40 
10 17 19 22 27 32 37 
10 17 19 22 27 33 34 
10 17 19 22 27 34 38 39 40 
10 17 19 22 27 37 38 39 
10 17 19 23 25 29 32 35 
10 17 19 23 25 29 35 38 39 
10 17 19 27 29 32 
10 17 19 27 29 33 34 
10 17 19 27 29 38 39 
10 17 19 27 32 41 
10 17 19 27 33 34 38 41 
10 17 19 27 38 39 41 
10 17 22 26 27 32 34 38 40 
10 17 22 26 27 32 37 
10 17 22 26 27 34 38 39 40 
10 17 22 26 27 37 38 39 
10 17 22 27 30 32 35 37 
10 17 22 27 30 35 37 38 39 
10 17 23 25 26 29 32 35 
10 17 23 25 26 29 35 38 39 
10 17 23 25 29 30 32 35 
10 17 23 25 29 30 35 38 39 
10 17 24 25 27 35 38 39 40 41 
10 17 24 27 31 35 38 39 40 41 
10 17 24 27 32 33 35 41 
10 17 24 27 33 35 38 39 41 
10 17 25 27 34 35 37 41 
10 17 25 27 34 35 38 40 41 
10 17 26 27 29 32 
10 17 26 27 29 38 39 
10 17 26 27 32 41 
10 17 26 27 38 39 41 
10 17 27 29 30 32 35 
10 17 27 29 30 35 38 39 
10 17 27 30 32 35 41 
10 17 27 30 35 38 39 41 
10 17 27 31 34 35 37 41 
10 17 27 31 34 35 38 40 41 
10 17 27 33 34 35 38 41 
10 18 19 20 29 32 
10 18 19 20 29 33 34 
10 18 19 20 29 38 39 
10 18 19 20 33 34 38 41 
10 18 19 20 38 39 41 
10 18 19 22 23 25 35 38 39 41 
10 18 19 28 29 32 
10 18 19 28 29 38 39 
10 18 19 28 33 34 38 41 
10 18 19 28 38 39 41 
10 18 20 22 25 35 37 41 
10 18 20 24 25 35 38 39 40 41 
10 18 20 24 31 35 38 39 40 41 
10 18 20 24 33 35 38 39 41 
10 18 20 25 34 35 37 41 
10 18 20 25 34 35 38 40 41 
10 18 20 26 29 32 
10 18 20 26 29 38 39 
10 18 20 26 38 39 41 
10 18 20 29 30 32 35 
10 18 20 29 30 35 38 39 
10 18 20 30 35 38 39 41 
10 18 20 31 34 35 37 41 
10 18 20 31 34 35 38 40 41 
10 18 20 33 34 35 38 41 
10 18 22 23 24 25 35 38 39 40 41 
10 18 22 23 25 26 35 38 39 41 
10 18 22 23 25 30 35 38 39 41 
10 18 22 23 25 34 35 38 40 41 
10 18 22 23 25 35 37 41 
10 18 22 25 28 35 37 41 
10 18 24 25 28 35 38 39 40 41 
10 18 24 28 31 35 38 39 40 41 
10 18 24 28 33 35 38 39 41 
10 18 25 28 34 35 37 41 
10 18 25 28 34 35 38 40 41 
10 18 26 28 29 32 
10 18 26 28 29 38 39 
10 18 26 28 38 39 41 
10 18 28 29 30 32 35 
10 18 28 29 30 35 38 39 
10 18 28 30 35 38 39 41 
10 18 28 31 34 35 37 41 
10 18 28 31 34 35 38 40 41 
10 18 28 33 34 35 38 41 
10 19 20 22 27 32 34 38 40 
10 19 20 22 27 32 37 
10 19 20 22 27 33 34 
10 19 20 22 27 34 38 39 40 
10 19 20 22 27 37 38 39 
10 19 20 23 25 29 32 35 
10 19 20 23 25 29 35 38 39 
10 19 20 27 29 32 
10 19 20 27 29 33 34 
10 19 20 27 29 38 39 
10 19 20 27 32 41 
10 19 20 27 33 34 38 41 
10 19 20 27 38 39 41 
10 19 22 25 27 32 35 41 
10 19 22 25 27 35 38 39 41 
10 19 22 25 29 32 35 
10 19 22 25 29 35 38 39 
10 19 22 25 32 35 37 
10 19 22 25 35 37 38 39 
10 19 22 27 31 32 34 35 41 
10 19 22 27 31 34 35 38 39 41 
10 19 25 28 29 32 35 
10 19 25 28 29 35 38 39 
10 19 25 29 32 34 35 
10 19 25 29 34 35 38 39 
10 19 25 32 34 35 37 
10 19 25 32 34 35 38 40 
10 19 25 34 35 37 38 39 
10 19 25 34 35 38 39 40 
10 19 29 31 32 34 35 
10 19 29 31 34 35 38 39 
10 19 31 32 34 35 37 
10 19 31 32 34 35 38 40 
10 19 31 34 35 37 38 39 
10 19 31 34 35 38 39 40 
10 19 33 34 35 
10 20 22 26 27 32 34 38 40 
10 20 22 26 27 32 37 
10 20 22 26 27 34 38 39 40 
10 20 22 26 27 37 38 39 
10 20 22 27 30 32 35 37 
10 20 22 27 30 35 37 38 39 
10 20 23 25 26 29 32 35 
10 20 23 25 26 29 35 38 39 
10 20 23 25 29 30 32 35 
10 20 23 25 29 30 35 38 39 
10 20 24 25 27 35 38 39 40 41 
10 20 24 27 31 35 38 39 40 41 
10 20 24 27 32 33 35 41 
10 20 24 27 33 35 38 39 41 
10 20 25 27 34 35 37 41 
10 20 25 27 34 35 38 40 41 
10 20 26 27 29 32 
10 20 26 27 29 38 39 
10 20 26 27 32 41 
10 20 26 27 38 39 41 
10 20 27 29 30 32 35 
10 20 27 29 30 35 38 39 
10 20 27 30 32 35 41 
10 20 27 30 35 38 39 41 
10 20 27 31 34 35 37 41 
10 20 27 31 34 35 38 40 41 
10 20 27 33 34 35 38 41 
10 22 24 25 27 35 38 39 40 41 
10 22 25 26 27 32 35 41 
10 22 25 26 27 35 38 39 41 
10 22 25 26 29 32 35 
10 22 25 26 29 35 38 39 
10 22 25 26 32 35 37 
10 22 25 26 35 37 38 39 
10 22 25 27 30 32 35 41 
10 22 25 27 30 35 38 39 41 
10 22 25 29 30 32 35 
10 22 25 29 30 35 38 39 
10 22 25 30 32 35 37 
10 22 25 30 35 37 38 39 
10 22 26 27 31 32 34 35 41 
10 22 26 27 31 34 35 38 39 41 
10 22 27 33 34 38 41 
10 22 27 34 38 40 41 
10 22 27 37 41 
10 25 26 28 29 32 35 
10 25 26 28 29 35 38 39 
10 25 26 29 32 34 35 
10 25 26 29 34 35 38 39 
10 25 26 32 34 35 37 
10 25 26 32 34 35 38 40 
10 25 26 34 35 37 38 39 
10 25 26 34 35 38 39 40 
10 25 28 29 30 32 35 
10 25 28 29 30 35 38 39 
10 26 29 31 32 34 35 
10 26 29 31 34 35 38 39 
10 26 31 32 34 35 37 
10 26 31 32 34 35 38 40 
10 26 31 34 35 37 38 39 
10 26 31 34 35 38 39 40 
10 26 33 34 
10 29 41 
10 30 34 
11 14 15 18 19 42 
11 14 15 18 22 24 25 35 37 38 39 42 
11 14 15 18 22 24 27 33 34 42 
11 14 15 18 22 24 27 34 38 39 40 42 
11 14 15 18 22 24 27 37 38 39 42 
11 14 15 18 22 27 30 33 34 42 
11 14 15 18 22 27 30 34 37 38 39 42 
11 14 15 18 22 27 30 34 38 39 40 42 
11 14 15 18 24 25 34 35 37 38 39 42 
11 14 15 18 24 25 35 38 39 40 42 
11 14 15 18 24 29 33 34 42 
11 14 15 18 24 29 38 39 42 
11 14 15 18 24 31 34 35 37 38 39 42 
11 14 15 18 24 31 35 38 39 40 42 
11 14 15 18 24 33 35 42 
11 14 15 18 26 42 
11 14 15 18 29 30 33 34 42 
11 14 15 18 29 30 34 38 39 42 
11 14 15 18 30 35 42 
11 15 16 18 19 42 
11 15 16 18 22 24 25 35 37 38 39 42 
11 15 16 18 22 24 27 33 34 42 
11 15 16 18 22 24 27 34 38 39 40 42 
11 15 16 18 22 24 27 37 38 39 42 
11 15 16 18 22 27 30 33 34 42 
11 15 16 18 22 27 30 34 37 38 39 42 
11 15 16 18 22 27 30 34 38 39 40 42 
11 15 16 18 24 25 34 35 37 38 39 42 
11 15 16 18 24 25 35 38 39 40 42 
11 15 16 18 24 29 33 34 42 
11 15 16 18 24 29 38 39 42 
11 15 16 18 24 31 34 35 37 38 39 42 
11 15 16 18 24 31 35 38 39 40 42 
11 15 16 18 24 33 35 42 
11 15 16 18 26 42 
11 15 16 18 29 30 33 34 42 
11 15 16 18 29 30 34 38 39 42 
11 15 16 18 30 35 42 
11 17 18 19 32 42 
11 17 18 22 24 25 32 35 37 42 
11 17 18 24 25 32 34 35 37 42 
11 17 18 24 25 32 34 35 38 40 42 
11 17 18 24 25 32 35 38 39 40 42 
11 17 18 24 31 32 34 35 37 42 
11 17 18 24 31 32 34 35 38 40 42 
11 17 18 24 31 32 35 38 39 40 42 
11 17 18 24 32 33 35 42 
11 17 18 26 32 42 
11 17 18 30 32 35 42 
11 18 19 20 32 42 
11 18 19 22 23 25 32 35 42 
11 18 19 22 25 27 32 35 42 
11 18 19 22 25 29 32 35 42 
11 18 19 22 27 31 32 34 35 42 
11 18 19 25 29 32 34 35 42 
11 18 19 28 32 42 
11 18 19 29 31 32 34 35 42 
11 18 20 22 24 25 32 35 37 42 
11 18 20 24 25 32 34 35 37 42 
11 18 20 24 25 32 34 35 38 40 42 
11 18 20 24 25 32 35 38 39 40 42 
11 18 20 24 31 32 34 35 37 42 
11 18 20 24 31 32 34 35 38 40 42 
11 18 20 24 31 32 35 38 39 40 42 
11 18 20 24 32 33 35 42 
11 18 20 26 32 42 
11 18 20 30 32 35 42 
11 18 22 23 24 25 32 34 35 38 40 42 
11 18 22 23 24 25 32 35 37 42 
11 18 22 23 24 25 32 35 38 39 40 42 
11 18 22 23 25 26 32 35 42 
11 18 22 23 25 30 32 35 42 
11 18 22 24 25 27 32 35 38 39 40 42 
11 18 22 24 25 28 32 35 37 42 
11 18 22 24 27 32 34 38 40 42 
11 18 22 24 27 32 37 42 
11 18 22 25 26 27 32 35 42 
11 18 22 25 26 29 32 35 42 
11 18 22 25 27 30 32 35 42 
11 18 22 25 29 30 32 35 42 
11 18 22 26 27 31 32 34 35 42 
11 18 22 27 30 31 32 34 35 42 
11 18 22 27 30 32 34 37 42 
11 18 22 27 30 32 34 38 40 42 
11 18 24 25 28 32 34 35 37 42 
11 18 24 25 28 32 34 35 38 40 42 
11 18 24 25 28 32 35 38 39 40 42 
11 18 24 28 31 32 34 35 37 42 
11 18 24 28 31 32 34 35 38 40 42 
11 18 24 28 31 32 35 38 39 40 42 
11 18 24 28 32 33 35 42 
11 18 24 29 32 42 
11 18 25 26 29 32 34 35 42 
11 18 26 28 32 42 
11 18 26 29 31 32 34 35 42 
11 18 28 30 32 35 42 
11 18 29 30 32 34 42 
11 41 42 
13 15 18 24 29 33 34 
13 15 18 24 29 38 39 
13 15 18 29 30 33 34 
13 15 18 29 30 34 38 39 
13 15 22 24 27 33 34 
13 15 22 24 27 34 38 39 40 
13 15 22 24 27 37 38 39 
13 15 22 27 30 33 34 
13 15 22 27 30 34 37 38 39 
13 15 22 27 30 34 38 39 40 
13 15 23 24 25 29 35 38 39 
13 15 24 27 29 33 34 
13 15 24 27 29 38 39 
13 15 27 29 30 33 34 
13 15 27 29 30 34 38 39 
13 15 41 
13 16 
13 17 18 24 29 32 
13 17 18 24 29 33 34 
13 17 18 24 29 38 39 
13 17 18 29 30 32 34 
13 17 18 29 30 33 34 
13 17 18 29 30 34 38 39 
13 17 22 24 27 32 34 38 40 
13 17 22 24 27 32 37 
13 17 22 24 27 33 34 
13 17 22 24 27 34 38 39 40 
13 17 22 24 27 37 38 39 
13 17 22 27 30 32 34 37 
13 17 22 27 30 32 34 38 40 
13 17 22 27 30 33 34 
13 17 22 27 30 34 37 38 39 
13 17 22 27 30 34 38 39 40 
13 17 23 24 25 29 32 35 
13 17 23 24 25 29 35 38 39 
13 17 24 27 29 32 
13 17 24 27 29 33 34 
13 17 24 27 29 38 39 
13 17 27 29 30 32 34 
13 17 27 29 30 33 34 
13 17 27 29 30 34 38 39 
13 17 32 41 
13 17 32 42 
13 18 20 24 29 32 
13 18 20 24 29 33 34 
13 18 20 24 29 38 39 
13 18 20 29 30 32 34 
13 18 20 29 30 33 34 
13 18 20 29 30 34 38 39 
13 18 22 25 29 32 35 41 
13 18 22 25 29 32 35 42 
13 18 24 28 29 32 
13 18 24 28 29 38 39 
13 18 24 29 32 42 
13 18 25 29 32 34 35 41 
13 18 25 29 32 34 35 42 
13 18 29 30 32 34 42 
13 18 29 31 32 34 35 41 
13 18 29 31 32 34 35 42 
13 20 22 24 27 32 34 38 40 
13 20 22 24 27 32 37 
13 20 22 24 27 33 34 
13 20 22 24 27 34 38 39 40 
13 20 22 24 27 37 38 39 
13 20 22 27 30 32 34 37 
13 20 22 27 30 32 34 38 40 
13 20 22 27 30 33 34 
13 20 22 27 30 34 37 38 39 
13 20 22 27 30 34 38 39 40 
13 20 23 24 25 29 32 35 
13 20 23 24 25 29 35 38 39 
13 20 24 27 29 32 
13 20 24 27 29 33 34 
13 20 24 27 29 38 39 
13 20 27 29 30 32 34 
13 20 27 29 30 33 34 
13 20 27 29 30 34 38 39 
13 20 32 41 
13 20 32 42 
13 22 23 25 32 35 41 
13 22 23 25 32 35 42 
13 22 24 25 29 32 35 
13 22 24 25 29 35 38 39 
13 22 24 25 32 35 37 
13 22 24 25 35 37 38 39 
13 22 24 27 32 34 38 40 41 
13 22 24 27 32 34 38 40 42 
13 22 24 27 32 37 41 
13 22 24 27 32 37 42 
13 22 25 27 32 35 41 
13 22 25 27 32 35 42 
13 22 27 30 32 34 37 41 
13 22 27 30 32 34 37 42 
13 22 27 30 32 34 38 40 41 
13 22 27 30 32 34 38 40 42 
13 22 27 31 32 34 35 41 
13 22 27 31 32 34 35 42 
13 23 24 25 29 32 35 41 
13 23 24 25 29 32 35 42 
13 23 25 29 32 34 35 41 
13 23 25 29 32 34 35 42 
13 24 25 28 29 32 35 
13 24 25 28 29 35 38 39 
13 24 25 29 32 34 35 
13 24 25 29 34 35 38 39 
13 24 25 32 34 35 37 
13 24 25 32 34 35 38 40 
13 24 25 34 35 37 38 39 
13 24 25 35 38 39 40 
13 24 27 29 32 41 
13 24 27 29 32 42 
13 24 29 31 32 34 35 
13 24 29 31 34 35 38 39 
13 24 31 32 34 35 37 
13 24 31 32 34 35 38 40 
13 24 31 34 35 37 38 39 
13 24 31 35 38 39 40 
13 24 33 35 
13 25 27 29 32 34 35 41 
13 25 27 29 32 34 35 42 
13 26 
13 27 29 30 32 34 41 
13 27 29 30 32 34 42 
13 27 29 31 32 34 35 41 
13 27 29 31 32 34 35 42 
13 28 32 41 
13 28 32 42 
13 30 35 
13 41 42 
14 15 18 19 41 
14 15 18 22 24 25 35 37 38 39 41 
14 15 18 22 24 27 33 34 41 
14 15 18 22 24 27 34 38 39 40 41 
14 15 18 22 24 27 37 38 39 41 
14 15 18 22 27 30 33 34 41 
14 15 18 22 27 30 34 37 38 39 41 
14 15 18 22 27 30 34 38 39 40 41 
14 15 18 24 25 34 35 37 38 39 41 
14 15 18 24 25 35 38 39 40 41 
14 15 18 24 29 33 34 41 
14 15 18 24 29 38 39 41 
14 15 18 24 31 34 35 37 38 39 41 
14 15 18 24 31 35 38 39 40 41 
14 15 18 24 33 35 41 
14 15 18 26 41 
14 15 18 29 30 33 34 41 
14 15 18 29 30 34 38 39 41 
14 15 18 30 35 41 
15 16 18 19 41 
15 16 18 22 24 25 35 37 38 39 41 
15 16 18 22 24 27 33 34 41 
15 16 18 22 24 27 34 38 39 40 41 
15 16 18 22 24 27 37 38 39 41 
15 16 18 22 27 30 33 34 41 
15 16 18 22 27 30 34 37 38 39 41 
15 16 18 22 27 30 34 38 39 40 41 
15 16 18 24 25 34 35 37 38 39 41 
15 16 18 24 25 35 38 39 40 41 
15 16 18 24 29 33 34 41 
15 16 18 24 29 38 39 41 
15 16 18 24 31 34 35 37 38 39 41 
15 16 18 24 31 35 38 39 40 41 
15 16 18 24 33 35 41 
15 16 18 26 41 
15 16 18 29 30 33 34 41 
15 16 18 29 30 34 38 39 41 
15 16 18 30 35 41 
15 17 
15 18 19 24 29 33 34 
15 18 19 24 29 38 39 
15 18 19 29 30 33 34 
15 18 19 29 30 34 38 39 
15 18 22 25 29 35 
15 18 24 25 29 35 38 39 40 
15 18 24 26 29 38 39 
15 18 24 29 30 35 38 39 
15 18 24 29 31 35 38 39 40 
15 18 24 29 33 35 38 39 
15 18 25 29 34 35 
15 18 26 29 30 34 38 39 
15 18 26 29 33 34 
15 18 29 30 34 35 38 39 
15 18 29 31 34 35 
15 18 29 33 34 35 
15 19 22 24 27 33 34 
15 19 22 24 27 34 38 39 40 
15 19 22 24 27 37 38 39 
15 19 22 27 30 33 34 
15 19 22 27 30 34 37 38 39 
15 19 22 27 30 34 38 39 40 
15 19 23 24 25 29 35 38 39 
15 19 24 27 29 33 34 
15 19 24 27 29 38 39 
15 19 27 29 30 33 34 
15 19 27 29 30 34 38 39 
15 20 
15 22 23 25 35 
15 22 24 26 27 34 38 39 40 
15 22 24 26 27 37 38 39 
15 22 24 27 30 35 37 38 39 
15 22 24 27 31 35 37 38 39 40 
15 22 24 27 33 35 37 38 39 
15 22 25 27 35 
15 22 26 27 30 34 37 38 39 
15 22 26 27 30 34 38 39 40 
15 22 26 27 33 34 
15 22 27 30 34 35 37 38 39 
15 22 27 30 34 35 38 39 40 
15 22 27 31 34 35 
15 22 27 33 34 35 
15 23 24 25 26 29 35 38 39 
15 23 24 25 29 30 35 38 39 
15 23 24 25 29 35 38 39 40 
15 23 25 29 34 35 
15 24 25 27 29 35 38 39 40 
15 24 26 27 29 38 39 
15 24 27 29 30 35 38 39 
15 24 27 29 31 35 38 39 40 
15 24 27 29 33 35 38 39 
15 25 27 29 34 35 
15 26 27 29 30 34 38 39 
15 26 27 29 33 34 
15 27 29 30 34 35 38 39 
15 27 29 31 34 35 
15 27 29 33 34 35 
15 28 
15 32 
17 18 19 24 29 32 
17 18 19 24 29 33 34 
17 18 19 24 29 38 39 
17 18 19 29 30 32 34 
17 18 19 29 30 33 34 
17 18 19 29 30 34 38 39 
17 18 19 32 41 
17 18 22 24 25 32 35 37 41 
17 18 22 25 29 35 
17 18 24 25 29 35 38 39 40 
17 18 24 25 32 34 35 37 41 
17 18 24 25 32 34 35 38 40 41 
17 18 24 25 32 35 38 39 40 41 
17 18 24 26 29 32 
17 18 24 26 29 38 39 
17 18 24 29 30 32 35 
17 18 24 29 30 35 38 39 
17 18 24 29 31 35 38 39 40 
17 18 24 29 32 33 35 
17 18 24 29 33 35 38 39 
17 18 24 31 32 34 35 37 41 
17 18 24 31 32 34 35 38 40 41 
17 18 24 31 32 35 38 39 40 41 
17 18 24 32 33 35 41 
17 18 25 29 34 35 
17 18 26 29 30 32 34 
17 18 26 29 30 34 38 39 
17 18 26 29 33 34 
17 18 26 32 41 
17 18 29 30 32 34 35 
17 18 29 30 34 35 38 39 
17 18 29 31 34 35 
17 18 29 33 34 35 
17 18 30 32 35 41 
17 19 22 24 27 32 34 38 40 
17 19 22 24 27 32 37 
17 19 22 24 27 33 34 
17 19 22 24 27 34 38 39 40 
17 19 22 24 27 37 38 39 
17 19 22 27 30 32 34 37 
17 19 22 27 30 32 34 38 40 
17 19 22 27 30 33 34 
17 19 22 27 30 34 37 38 39 
17 19 22 27 30 34 38 39 40 
17 19 23 24 25 29 32 35 
17 19 23 24 25 29 35 38 39 
17 19 24 27 29 32 
17 19 24 27 29 33 34 
17 19 24 27 29 38 39 
17 19 27 29 30 32 34 
17 19 27 29 30 33 34 
17 19 27 29 30 34 38 39 
17 22 23 25 35 
17 22 24 26 27 32 34 38 40 
17 22 24 26 27 32 37 
17 22 24 26 27 34 38 39 40 
17 22 24 26 27 37 38 39 
17 22 24 27 30 32 35 37 
17 22 24 27 30 35 37 38 39 
17 22 24 27 31 35 37 38 39 40 
17 22 24 27 32 33 35 37 
17 22 24 27 33 35 37 38 39 
17 22 25 27 35 
17 22 26 27 30 32 34 37 
17 22 26 27 30 32 34 38 40 
17 22 26 27 30 34 37 38 39 
17 22 26 27 30 34 38 39 40 
17 22 26 27 33 34 
17 22 27 30 32 34 35 37 
17 22 27 30 32 34 35 38 40 
17 22 27 30 34 35 37 38 39 
17 22 27 30 34 35 38 39 40 
17 22 27 31 34 35 
17 22 27 33 34 35 
17 23 24 25 26 29 32 35 
17 23 24 25 26 29 35 38 39 
17 23 24 25 29 30 32 35 
17 23 24 25 29 30 35 38 39 
17 23 24 25 29 35 38 39 40 
17 23 25 29 34 35 
17 24 25 27 29 35 38 39 40 
17 24 26 27 29 32 
17 24 26 27 29 38 39 
17 24 27 29 30 32 35 
17 24 27 29 30 35 38 39 
17 24 27 29 31 35 38 39 40 
17 24 27 29 32 33 35 
17 24 27 29 33 35 38 39 
17 25 27 29 34 35 
17 26 27 29 30 32 34 
17 26 27 29 30 34 38 39 
17 26 27 29 33 34 
17 27 29 30 32 34 35 
17 27 29 30 34 35 38 39 
17 27 29 31 34 35 
17 27 29 33 34 35 
18 19 20 24 29 32 
18 19 20 24 29 33 34 
18 19 20 24 29 38 39 
18 19 20 29 30 32 34 
18 19 20 29 30 33 34 
18 19 20 29 30 34 38 39 
18 19 20 32 41 
18 19 22 23 25 32 35 41 
18 19 22 25 27 32 35 41 
18 19 22 25 29 32 35 41 
18 19 22 27 31 32 34 35 41 
18 19 24 28 29 32 
18 19 24 28 29 38 39 
18 19 25 29 32 34 35 41 
18 19 28 32 41 
18 19 29 31 32 34 35 41 
18 20 22 24 25 32 35 37 41 
18 20 22 25 29 35 
18 20 24 25 29 35 38 39 40 
18 20 24 25 32 34 35 37 41 
18 20 24 25 32 34 35 38 40 41 
18 20 24 25 32 35 38 39 40 41 
18 20 24 26 29 32 
18 20 24 26 29 38 39 
18 20 24 29 30 32 35 
18 20 24 29 30 35 38 39 
18 20 24 29 31 35 38 39 40 
18 20 24 29 32 33 35 
18 20 24 29 33 35 38 39 
18 20 24 31 32 34 35 37 41 
18 20 24 31 32 34 35 38 40 41 
18 20 24 31 32 35 38 39 40 41 
18 20 24 32 33 35 41 
18 20 25 29 34 35 
18 20 26 29 30 32 34 
18 20 26 29 30 34 38 39 
18 20 26 29 33 34 
18 20 26 32 41 
18 20 29 30 32 34 35 
18 20 29 30 34 35 38 39 
18 20 29 31 34 35 
18 20 29 33 34 35 
18 20 30 32 35 41 
18 22 23 24 25 32 34 35 38 40 41 
18 22 23 24 25 32 35 37 41 
18 22 23 24 25 32 35 38 39 40 41 
18 22 23 25 26 32 35 41 
18 22 23 25 30 32 35 41 
18 22 24 25 27 32 35 38 39 40 41 
18 22 24 25 28 32 35 37 41 
18 22 24 27 32 34 38 40 41 
18 22 24 27 32 37 41 
18 22 25 26 27 32 35 41 
18 22 25 26 29 32 35 41 
18 22 25 27 30 32 35 41 
18 22 25 29 30 32 35 41 
18 22 26 27 31 32 34 35 41 
18 22 27 30 31 32 34 35 41 
18 22 27 30 32 34 37 41 
18 22 27 30 32 34 38 40 41 
18 23 25 29 35 
18 24 25 28 32 34 35 37 41 
18 24 25 28 32 34 35 38 40 41 
18 24 25 28 32 35 38 39 40 41 
18 24 26 28 29 32 
18 24 26 28 29 38 39 
18 24 28 29 30 32 35 
18 24 28 29 30 35 38 39 
18 24 28 29 31 35 38 39 40 
18 24 28 29 32 33 35 
18 24 28 29 33 35 38 39 
18 24 28 31 32 34 35 37 41 
18 24 28 31 32 34 35 38 40 41 
18 24 28 31 32 35 38 39 40 41 
18 24 28 32 33 35 41 
18 24 29 32 41 
18 25 26 29 32 34 35 41 
18 25 28 29 35 
18 26 28 32 41 
18 26 29 31 32 34 35 41 
18 28 30 32 35 41 
18 29 30 32 34 41 
19 20 22 24 27 32 34 38 40 
19 20 22 24 27 32 37 
19 20 22 24 27 33 34 
19 20 22 24 27 34 38 39 40 
19 20 22 24 27 37 38 39 
19 20 22 27 30 32 34 37 
19 20 22 27 30 32 34 38 40 
19 20 22 27 30 33 34 
19 20 22 27 30 34 37 38 39 
19 20 22 27 30 34 38 39 40 
19 20 23 24 25 29 32 35 
19 20 23 24 25 29 35 38 39 
19 20 24 27 29 32 
19 20 24 27 29 33 34 
19 20 24 27 29 38 39 
19 20 27 29 30 32 34 
19 20 27 29 30 33 34 
19 20 27 29 30 34 38 39 
19 22 24 25 29 32 35 
19 22 24 25 29 35 38 39 
19 22 24 25 32 35 37 
19 22 24 25 35 37 38 39 
19 24 25 28 29 32 35 
19 24 25 28 29 35 38 39 
19 24 25 29 32 34 35 
19 24 25 29 34 35 38 39 
19 24 25 32 34 35 37 
19 24 25 32 34 35 38 40 
19 24 25 34 35 37 38 39 
19 24 25 35 38 39 40 
19 24 29 31 32 34 35 
19 24 29 31 34 35 38 39 
19 24 31 32 34 35 37 
19 24 31 32 34 35 38 40 
19 24 31 34 35 37 38 39 
19 24 31 35 38 39 40 
19 24 33 35 
19 30 35 
20 22 23 25 35 
20 22 24 26 27 32 34 38 40 
20 22 24 26 27 32 37 
20 22 24 26 27 34 38 39 40 
20 22 24 26 27 37 38 39 
20 22 24 27 30 32 35 37 
20 22 24 27 30 35 37 38 39 
20 22 24 27 31 35 37 38 39 40 
20 22 24 27 32 33 35 37 
20 22 24 27 33 35 37 38 39 
20 22 25 27 35 
20 22 26 27 30 32 34 37 
20 22 26 27 30 32 34 38 40 
20 22 26 27 30 34 37 38 39 
20 22 26 27 30 34 38 39 40 
20 22 26 27 33 34 
20 22 27 30 32 34 35 37 
20 22 27 30 32 34 35 38 40 
20 22 27 30 34 35 37 38 39 
20 22 27 30 34 35 38 39 40 
20 22 27 31 34 35 
20 22 27 33 34 35 
20 23 24 25 26 29 32 35 
20 23 24 25 26 29 35 38 39 
20 23 24 25 29 30 32 35 
20 23 24 25 29 30 35 38 39 
20 23 24 25 29 35 38 39 40 
20 23 25 29 34 35 
20 24 25 27 29 35 38 39 40 
20 24 26 27 29 32 
20 24 26 27 29 38 39 
20 24 27 29 30 32 35 
20 24 27 29 30 35 38 39 
20 24 27 29 31 35 38 39 40 
20 24 27 29 32 33 35 
20 24 27 29 33 35 38 39 
20 25 27 29 34 35 
20 26 27 29 30 32 34 
20 26 27 29 30 34 38 39 
20 26 27 29 33 34 
20 27 29 30 32 34 35 
20 27 29 30 34 35 38 39 
20 27 29 31 34 35 
20 27 29 33 34 35 
20 28 
22 24 25 26 29 32 35 
22 24 25 26 29 35 38 39 
22 24 25 26 32 35 37 
22 24 25 26 35 37 38 39 
22 24 25 29 30 32 35 
22 24 25 29 30 35 38 39 
22 24 25 29 35 38 39 40 
22 24 25 30 32 35 37 
22 24 25 30 35 37 38 39 
22 24 25 35 37 38 39 40 
24 25 26 28 29 32 35 
24 25 26 28 29 35 38 39 
24 25 26 29 32 34 35 
24 25 26 29 34 35 38 39 
24 25 26 32 34 35 37 
24 25 26 32 34 35 38 40 
24 25 26 34 35 37 38 39 
24 25 26 35 38 39 40 
24 25 28 29 30 32 35 
24 25 28 29 30 35 38 39 
24 25 28 29 35 38 39 40 
24 26 29 31 32 34 35 
24 26 29 31 34 35 38 39 
24 26 31 32 34 35 37 
24 26 31 32 34 35 38 40 
24 26 31 34 35 37 38 39 
24 26 31 35 38 39 40 
24 26 33 
25 29 30 32 34 35 
25 29 30 34 35 38 39 
25 30 32 34 35 37 
25 30 32 34 35 38 40 
25 30 34 35 37 38 39 
25 30 35 38 39 40 
25 33 
27 28 
28 29 34 
29 30 31 32 34 35 
29 30 31 34 35 38 39 
29 33 34 38 
29 34 38 40 
30 31 32 34 35 37 
30 31 32 34 35 38 40 
30 31 34 35 37 38 39 
30 31 35 38 39 40 
32 33 34 
33 34 37 
