20 60
00100011111111110111
00100011111111111111
00100110111111110111
00100110111111111111
00100111111111110111
00100111111111111111
00101011111111110111
00101011111111111111
00101110111111110111
00101110111111111111
00101111111111110111
00101111111111111111
00110001111111110101
00110001111111110111
00110001111111111101
00110001111111111111
00110011111111110101
00110011111111110111
00110011111111111101
00110011111111111111
00110101011111111101
00110101011111111111
00110101111111110101
00110101111111110111
00110101111111111101
00110101111111111111
00110110011111111101
00110110011111111111
00110110111111110101
00110110111111110111
00110110111111111101
00110110111111111111
00110111011111111101
00110111011111111111
00110111111111110101
00110111111111110111
00110111111111111101
00110111111111111111
00111001111111110101
00111001111111110111
00111001111111111101
00111001111111111111
00111011111111110101
00111011111111110111
00111011111111111101
00111011111111111111
00111101011111111101
00111101011111111111
00111101111111110101
00111101111111110111
00111101111111111101
00111101111111111111
00111110011111111101
00111110011111111111
00111110111111110101
00111110111111110111
00111110111111111101
00111110111111111111
00111111011111111101
00111111011111111111
00111111111111110101
00111111111111110111
00111111111111111101
00111111111111111111
01000110111011111111
01000110111111111111
01000111111011111111
01000111111111111111
01001110111010111111
01001110111011111111
01001110111110111111
01001110111111111111
01001111111010011111
01001111111010111111
01001111111011011111
01001111111011111111
01001111111110011111
01001111111110111111
01001111111111011111
01001111111111111111
01010110110011111111
01010110110111111111
01010110111011111101
01010110111011111111
01010110111111111101
01010110111111111111
01010111110011111111
01010111110111111111
01010111111011111101
01010111111011111111
01010111111111111101
01010111111111111111
01011110110011111111
01011110110111111111
01011110111010111101
01011110111010111111
01011110111011111101
01011110111011111111
01011110111110111101
01011110111110111111
01011110111111111101
01011110111111111111
01011111110011011111
01011111110011111111
01011111110111011111
01011111110111111111
01011111111010011101
01011111111010011111
01011111111010111101
01011111111010111111
01011111111011011101
01011111111011011111
01011111111011111101
01011111111011111111
01011111111110011101
01011111111110011111
01011111111110111101
01011111111110111111
01011111111111011101
01011111111111011111
01011111111111111101
01011111111111111111
01100011111011110111
01100011111011111111
01100011111111110111
01100011111111111111
01100110111011110111
01100110111011111111
01100110111111110111
01100110111111111111
01100111111011110111
01100111111011111111
01100111111111110111
01100111111111111111
01101011111010110111
01101011111010111111
01101011111011110111
01101011111011111110
01101011111011111111
01101011111110110111
01101011111110111111
01101011111111110111
01101011111111111110
01101011111111111111
01101110111010110111
01101110111010111111
01101110111011110111
01101110111011111110
01101110111011111111
01101110111110110111
01101110111110111111
01101110111111110111
01101110111111111110
01101110111111111111
01101111111010011111
01101111111010110111
01101111111010111111
01101111111011011111
01101111111011110111
01101111111011111110
01101111111011111111
01101111111110011111
01101111111110110111
01101111111110111111
01101111111111011111
01101111111111110111
01101111111111111110
01101111111111111111
01110001110011111111
01110001110111111111
01110001111011110101
01110001111011110111
01110001111011111101
01110001111011111111
01110001111111110101
01110001111111110111
01110001111111111101
01110001111111111111
01110011110011111111
01110011110111111111
01110011111011110101
01110011111011110111
01110011111011111101
01110011111011111111
01110011111111110101
01110011111111110111
01110011111111111101
01110011111111111111
01110101011011111101
01110101011011111111
01110101011111111101
01110101011111111111
01110101110011111111
01110101110111111111
01110101111011110101
01110101111011110111
01110101111011111101
01110101111011111111
01110101111111110101
01110101111111110111
01110101111111111101
01110101111111111111
01110110011011111101
01110110011011111111
01110110011111111101
01110110011111111111
01110110110011111111
01110110110111111111
01110110111011110101
01110110111011110111
01110110111011111101
01110110111011111111
01110110111111110101
01110110111111110111
01110110111111111101
01110110111111111111
01110111011011111101
01110111011011111111
01110111011111111101
01110111011111111111
01110111110011111111
01110111110111111111
01110111111011110101
01110111111011110111
01110111111011111101
01110111111011111111
01110111111111110101
01110111111111110111
01110111111111111101
01110111111111111111
01111001110011111110
01111001110011111111
01111001110111111110
01111001110111111111
01111001111011110101
01111001111011110111
01111001111011111100
01111001111011111101
01111001111011111110
01111001111011111111
01111001111111110101
01111001111111110111
01111001111111111100
01111001111111111101
01111001111111111110
01111001111111111111
01111011110011111110
01111011110011111111
01111011110111111110
01111011110111111111
01111011111010110101
01111011111010110111
01111011111010111101
01111011111010111111
01111011111011110101
01111011111011110111
01111011111011111100
01111011111011111101
01111011111011111110
01111011111011111111
01111011111110110101
01111011111110110111
01111011111110111101
01111011111110111111
01111011111111110101
01111011111111110111
01111011111111111100
01111011111111111101
01111011111111111110
01111011111111111111
01111101011011111101
01111101011011111111
01111101011111111101
01111101011111111111
01111101110011111110
01111101110011111111
01111101110111111110
01111101110111111111
01111101111011110101
01111101111011110111
01111101111011111100
01111101111011111101
01111101111011111110
01111101111011111111
01111101111111110101
01111101111111110111
01111101111111111100
01111101111111111101
01111101111111111110
01111101111111111111
01111110011011111101
01111110011011111111
01111110011111111101
01111110011111111111
01111110110011111110
01111110110011111111
01111110110111111110
01111110110111111111
01111110111010110101
01111110111010110111
01111110111010111101
01111110111010111111
01111110111011110101
01111110111011110111
01111110111011111100
01111110111011111101
01111110111011111110
01111110111011111111
01111110111110110101
01111110111110110111
01111110111110111101
01111110111110111111
01111110111111110101
01111110111111110111
01111110111111111100
01111110111111111101
01111110111111111110
01111110111111111111
01111111011011111101
01111111011011111111
01111111011111111101
01111111011111111111
01111111110011011111
01111111110011111110
01111111110011111111
01111111110111011111
01111111110111111110
01111111110111111111
01111111111010011101
01111111111010011111
01111111111010110101
01111111111010110111
01111111111010111101
01111111111010111111
01111111111011011101
01111111111011011111
01111111111011110101
01111111111011110111
01111111111011111100
01111111111011111101
01111111111011111110
01111111111011111111
01111111111110011101
01111111111110011111
01111111111110110101
01111111111110110111
01111111111110111101
01111111111110111111
01111111111111011101
01111111111111011111
01111111111111110101
01111111111111110111
01111111111111111100
01111111111111111101
01111111111111111110
01111111111111111111
10100011111111100111
10100011111111101111
10100011111111110111
10100011111111111111
10100110111111110111
10100110111111111111
10100111101111100111
10100111101111101111
10100111101111110111
10100111101111111111
10100111111111100111
10100111111111101111
10100111111111110111
10100111111111111111
10101011111111100111
10101011111111101111
10101011111111110111
10101011111111111111
10101110111111110111
10101110111111111111
10101111101111100111
10101111101111101111
10101111101111110111
10101111101111111111
10101111111111100111
10101111111111101111
10101111111111110111
10101111111111111111
10110001111111110101
10110001111111110111
10110001111111111101
10110001111111111111
10110011111111100101
10110011111111100111
10110011111111101101
10110011111111101111
10110011111111110101
10110011111111110111
10110011111111111101
10110011111111111111
10110101011111111101
10110101011111111111
10110101111111110101
10110101111111110111
10110101111111111101
10110101111111111111
10110110011111111101
10110110011111111111
10110110111111110101
10110110111111110111
10110110111111111101
10110110111111111111
10110111001111101101
10110111001111101111
10110111001111111101
10110111001111111111
10110111011111101101
10110111011111101111
10110111011111111101
10110111011111111111
10110111101111100101
10110111101111100111
10110111101111101101
10110111101111101111
10110111101111110101
10110111101111110111
10110111101111111101
10110111101111111111
10110111111111100101
10110111111111100111
10110111111111101101
10110111111111101111
10110111111111110101
10110111111111110111
10110111111111111101
10110111111111111111
10111001111111110101
10111001111111110111
10111001111111111101
10111001111111111111
10111011111111100101
10111011111111100111
10111011111111101101
10111011111111101111
10111011111111110101
10111011111111110111
10111011111111111101
10111011111111111111
10111101011111111101
10111101011111111111
10111101111111110101
10111101111111110111
10111101111111111101
10111101111111111111
10111110011111111101
10111110011111111111
10111110111111110101
10111110111111110111
10111110111111111101
10111110111111111111
10111111001111101101
10111111001111101111
10111111001111111101
10111111001111111111
10111111011111101101
10111111011111101111
10111111011111111101
10111111011111111111
10111111101111100101
10111111101111100111
10111111101111101101
10111111101111101111
10111111101111110101
10111111101111110111
10111111101111111101
10111111101111111111
10111111111111100101
10111111111111100111
10111111111111101101
10111111111111101111
10111111111111110101
10111111111111110111
10111111111111111101
10111111111111111111
11000110111011111011
11000110111011111111
11000110111111111011
11000110111111111111
11000111101011101111
11000111101011111111
11000111101111101111
11000111101111111111
11000111111011101011
11000111111011101111
11000111111011111011
11000111111011111111
11000111111111101011
11000111111111101111
11000111111111111011
11000111111111111111
11001110111010111011
11001110111010111111
11001110111011111011
11001110111011111111
11001110111110111011
11001110111110111111
11001110111111111011
11001110111111111111
11001111101011101111
11001111101011111111
11001111101111101111
11001111101111111111
11001111111010001011
11001111111010001111
11001111111010011011
11001111111010011111
11001111111010101011
11001111111010101111
11001111111010111011
11001111111010111111
11001111111011001011
11001111111011001111
11001111111011011011
11001111111011011111
11001111111011101011
11001111111011101111
11001111111011111011
11001111111011111111
11001111111110001011
11001111111110001111
11001111111110011011
11001111111110011111
11001111111110101011
11001111111110101111
11001111111110111011
11001111111110111111
11001111111111001011
11001111111111001111
11001111111111011011
11001111111111011111
11001111111111101011
11001111111111101111
11001111111111111011
11001111111111111111
11010110110011111111
11010110110111111111
11010110111011111001
11010110111011111011
11010110111011111101
11010110111011111111
11010110111111111001
11010110111111111011
11010110111111111101
11010110111111111111
11010111100011111111
11010111100111111111
11010111101011101101
11010111101011101111
11010111101011111101
11010111101011111111
11010111101111101101
11010111101111101111
11010111101111111101
11010111101111111111
11010111110011111111
11010111110111111111
11010111111011101001
11010111111011101011
11010111111011101101
11010111111011101111
11010111111011111001
11010111111011111011
11010111111011111101
11010111111011111111
11010111111111101001
11010111111111101011
11010111111111101101
11010111111111101111
11010111111111111001
11010111111111111011
11010111111111111101
11010111111111111111
11011110110011111111
11011110110111111111
11011110111010111001
11011110111010111011
11011110111010111101
11011110111010111111
11011110111011111001
11011110111011111011
11011110111011111101
11011110111011111111
11011110111110111001
11011110111110111011
11011110111110111101
11011110111110111111
11011110111111111001
11011110111111111011
11011110111111111101
11011110111111111111
11011111100011111111
11011111100111111111
11011111101011101101
11011111101011101111
11011111101011111101
11011111101011111111
11011111101111101101
11011111101111101111
11011111101111111101
11011111101111111111
11011111110011011111
11011111110011111111
11011111110111011111
11011111110111111111
11011111111010001001
11011111111010001011
11011111111010001101
11011111111010001111
11011111111010011001
11011111111010011011
11011111111010011101
11011111111010011111
11011111111010101001
11011111111010101011
11011111111010101101
11011111111010101111
11011111111010111001
11011111111010111011
11011111111010111101
11011111111010111111
11011111111011001001
11011111111011001011
11011111111011001101
11011111111011001111
11011111111011011001
11011111111011011011
11011111111011011101
11011111111011011111
11011111111011101001
11011111111011101011
11011111111011101101
11011111111011101111
11011111111011111001
11011111111011111011
11011111111011111101
11011111111011111111
11011111111110001001
11011111111110001011
11011111111110001101
11011111111110001111
11011111111110011001
11011111111110011011
11011111111110011101
11011111111110011111
11011111111110101001
11011111111110101011
11011111111110101101
11011111111110101111
11011111111110111001
11011111111110111011
11011111111110111101
11011111111110111111
11011111111111001001
11011111111111001011
11011111111111001101
11011111111111001111
11011111111111011001
11011111111111011011
11011111111111011101
11011111111111011111
11011111111111101001
11011111111111101011
11011111111111101101
11011111111111101111
11011111111111111001
11011111111111111011
11011111111111111101
11011111111111111111
11100011111011100011
11100011111011100111
11100011111011101011
11100011111011101111
11100011111011110011
11100011111011110111
11100011111011111011
11100011111011111111
11100011111111100011
11100011111111100111
11100011111111101011
11100011111111101111
11100011111111110011
11100011111111110111
11100011111111111011
11100011111111111111
11100110111011110011
11100110111011110111
11100110111011111011
11100110111011111111
11100110111111110011
11100110111111110111
11100110111111111011
11100110111111111111
11100111101011100111
11100111101011101111
11100111101011110111
11100111101011111111
11100111101111100111
11100111101111101111
11100111101111110111
11100111101111111111
11100111111011100011
11100111111011100111
11100111111011101011
11100111111011101111
11100111111011110011
11100111111011110111
11100111111011111011
11100111111011111111
11100111111111100011
11100111111111100111
11100111111111101011
11100111111111101111
11100111111111110011
11100111111111110111
11100111111111111011
11100111111111111111
11101011111010100011
11101011111010100111
11101011111010101011
11101011111010101111
11101011111010110011
11101011111010110111
11101011111010111011
11101011111010111111
11101011111011100011
11101011111011100111
11101011111011101010
11101011111011101011
11101011111011101110
11101011111011101111
11101011111011110011
11101011111011110111
11101011111011111010
11101011111011111011
11101011111011111110
11101011111011111111
11101011111110100011
11101011111110100111
11101011111110101011
11101011111110101111
11101011111110110011
11101011111110110111
11101011111110111011
11101011111110111111
11101011111111100011
11101011111111100111
11101011111111101010
11101011111111101011
11101011111111101110
11101011111111101111
11101011111111110011
11101011111111110111
11101011111111111010
11101011111111111011
11101011111111111110
11101011111111111111
11101110111000110011
11101110111000110111
11101110111000111011
11101110111000111111
11101110111001110011
11101110111001110111
11101110111001111010
11101110111001111011
11101110111001111110
11101110111001111111
11101110111010110011
11101110111010110111
11101110111010111011
11101110111010111111
11101110111011110011
11101110111011110111
11101110111011111010
11101110111011111011
11101110111011111110
11101110111011111111
11101110111100110011
11101110111100110111
11101110111100111011
11101110111100111111
11101110111101110011
11101110111101110111
11101110111101111010
11101110111101111011
11101110111101111110
11101110111101111111
11101110111110110011
11101110111110110111
11101110111110111011
11101110111110111111
11101110111111110011
11101110111111110111
11101110111111111010
11101110111111111011
11101110111111111110
11101110111111111111
11101111101001110111
11101111101001111111
11101111101011100111
11101111101011101111
11101111101011110111
11101111101011111111
11101111101101110111
11101111101101111111
11101111101111100111
11101111101111101111
11101111101111110111
11101111101111111111
11101111111000110011
11101111111000110111
11101111111000111011
11101111111000111111
11101111111001110011
11101111111001110111
11101111111001111010
11101111111001111011
11101111111001111110
11101111111001111111
11101111111010001011
11101111111010001111
11101111111010011011
11101111111010011111
11101111111010100011
11101111111010100111
11101111111010101011
11101111111010101111
11101111111010110011
11101111111010110111
11101111111010111011
11101111111010111111
11101111111011001011
11101111111011001111
11101111111011011011
11101111111011011111
11101111111011100011
11101111111011100111
11101111111011101010
11101111111011101011
11101111111011101110
11101111111011101111
11101111111011110011
11101111111011110111
11101111111011111010
11101111111011111011
11101111111011111110
11101111111011111111
11101111111100110011
11101111111100110111
11101111111100111011
11101111111100111111
11101111111101110011
11101111111101110111
11101111111101111010
11101111111101111011
11101111111101111110
11101111111101111111
11101111111110001011
11101111111110001111
11101111111110011011
11101111111110011111
11101111111110100011
11101111111110100111
11101111111110101011
11101111111110101111
11101111111110110011
11101111111110110111
11101111111110111011
11101111111110111111
11101111111111001011
11101111111111001111
11101111111111011011
11101111111111011111
11101111111111100011
11101111111111100111
11101111111111101010
11101111111111101011
11101111111111101110
11101111111111101111
11101111111111110011
11101111111111110111
11101111111111111010
11101111111111111011
11101111111111111110
11101111111111111111
11110001110011111111
11110001110111111111
11110001111011110001
11110001111011110011
11110001111011110101
11110001111011110111
11110001111011111001
11110001111011111011
11110001111011111101
11110001111011111111
11110001111111110001
11110001111111110011
11110001111111110101
11110001111111110111
11110001111111111001
11110001111111111011
11110001111111111101
11110001111111111111
11110011110011111111
11110011110111111111
11110011111011100001
11110011111011100011
11110011111011100101
11110011111011100111
11110011111011101001
11110011111011101011
11110011111011101101
11110011111011101111
11110011111011110001
11110011111011110011
11110011111011110101
11110011111011110111
11110011111011111001
11110011111011111011
11110011111011111101
11110011111011111111
11110011111111100001
11110011111111100011
11110011111111100101
11110011111111100111
11110011111111101001
11110011111111101011
11110011111111101101
11110011111111101111
11110011111111110001
11110011111111110011
11110011111111110101
11110011111111110111
11110011111111111001
11110011111111111011
11110011111111111101
11110011111111111111
11110101011011111001
11110101011011111011
11110101011011111101
11110101011011111111
11110101011111111001
11110101011111111011
11110101011111111101
11110101011111111111
11110101110011111111
11110101110111111111
11110101111011110001
11110101111011110011
11110101111011110101
11110101111011110111
11110101111011111001
11110101111011111011
11110101111011111101
11110101111011111111
11110101111111110001
11110101111111110011
11110101111111110101
11110101111111110111
11110101111111111001
11110101111111111011
11110101111111111101
11110101111111111111
11110110011011111001
11110110011011111011
11110110011011111101
11110110011011111111
11110110011111111001
11110110011111111011
11110110011111111101
11110110011111111111
11110110110011111111
11110110110111111111
11110110111011110001
11110110111011110011
11110110111011110101
11110110111011110111
11110110111011111001
11110110111011111011
11110110111011111101
11110110111011111111
11110110111111110001
11110110111111110011
11110110111111110101
11110110111111110111
11110110111111111001
11110110111111111011
11110110111111111101
11110110111111111111
11110111001011101101
11110111001011101111
11110111001011111101
11110111001011111111
11110111001111101101
11110111001111101111
11110111001111111101
11110111001111111111
11110111011011101001
11110111011011101011
11110111011011101101
11110111011011101111
11110111011011111001
11110111011011111011
11110111011011111101
11110111011011111111
11110111011111101001
11110111011111101011
11110111011111101101
11110111011111101111
11110111011111111001
11110111011111111011
11110111011111111101
11110111011111111111
11110111100011111111
11110111100111111111
11110111101011100101
11110111101011100111
11110111101011101101
11110111101011101111
11110111101011110101
11110111101011110111
11110111101011111101
11110111101011111111
11110111101111100101
11110111101111100111
11110111101111101101
11110111101111101111
11110111101111110101
11110111101111110111
11110111101111111101
11110111101111111111
11110111110011111111
11110111110111111111
11110111111011100001
11110111111011100011
11110111111011100101
11110111111011100111
11110111111011101001
11110111111011101011
11110111111011101101
11110111111011101111
11110111111011110001
11110111111011110011
11110111111011110101
11110111111011110111
11110111111011111001
11110111111011111011
11110111111011111101
11110111111011111111
11110111111111100001
11110111111111100011
11110111111111100101
11110111111111100111
11110111111111101001
11110111111111101011
11110111111111101101
11110111111111101111
11110111111111110001
11110111111111110011
11110111111111110101
11110111111111110111
11110111111111111001
11110111111111111011
11110111111111111101
11110111111111111111
11111001110011111110
11111001110011111111
11111001110111111110
11111001110111111111
11111001111011110001
11111001111011110011
11111001111011110101
11111001111011110111
11111001111011111000
11111001111011111001
11111001111011111010
11111001111011111011
11111001111011111100
11111001111011111101
11111001111011111110
11111001111011111111
11111001111111110001
11111001111111110011
11111001111111110101
11111001111111110111
11111001111111111000
11111001111111111001
11111001111111111010
11111001111111111011
11111001111111111100
11111001111111111101
11111001111111111110
11111001111111111111
11111011110011111110
11111011110011111111
11111011110111111110
11111011110111111111
11111011111010100001
11111011111010100011
11111011111010100101
11111011111010100111
11111011111010101001
11111011111010101011
11111011111010101101
11111011111010101111
11111011111010110001
11111011111010110011
11111011111010110101
11111011111010110111
11111011111010111001
11111011111010111011
11111011111010111101
11111011111010111111
11111011111011100001
11111011111011100011
11111011111011100101
11111011111011100111
11111011111011101000
11111011111011101001
11111011111011101010
11111011111011101011
11111011111011101100
11111011111011101101
11111011111011101110
11111011111011101111
11111011111011110001
11111011111011110011
11111011111011110101
11111011111011110111
11111011111011111000
11111011111011111001
11111011111011111010
11111011111011111011
11111011111011111100
11111011111011111101
11111011111011111110
11111011111011111111
11111011111110100001
11111011111110100011
11111011111110100101
11111011111110100111
11111011111110101001
11111011111110101011
11111011111110101101
11111011111110101111
11111011111110110001
11111011111110110011
11111011111110110101
11111011111110110111
11111011111110111001
11111011111110111011
11111011111110111101
11111011111110111111
11111011111111100001
11111011111111100011
11111011111111100101
11111011111111100111
11111011111111101000
11111011111111101001
11111011111111101010
11111011111111101011
11111011111111101100
11111011111111101101
11111011111111101110
11111011111111101111
11111011111111110001
11111011111111110011
11111011111111110101
11111011111111110111
11111011111111111000
11111011111111111001
11111011111111111010
11111011111111111011
11111011111111111100
11111011111111111101
11111011111111111110
11111011111111111111
11111101011011111001
11111101011011111011
11111101011011111101
11111101011011111111
11111101011111111001
11111101011111111011
11111101011111111101
11111101011111111111
11111101110001111110
11111101110001111111
11111101110011111110
11111101110011111111
11111101110101111110
11111101110101111111
11111101110111111110
11111101110111111111
11111101111001110001
11111101111001110011
11111101111001110101
11111101111001110111
11111101111001111000
11111101111001111001
11111101111001111010
11111101111001111011
11111101111001111100
11111101111001111101
11111101111001111110
11111101111001111111
11111101111011110001
11111101111011110011
11111101111011110101
11111101111011110111
11111101111011111000
11111101111011111001
11111101111011111010
11111101111011111011
11111101111011111100
11111101111011111101
11111101111011111110
11111101111011111111
11111101111101110001
11111101111101110011
11111101111101110101
11111101111101110111
11111101111101111000
11111101111101111001
11111101111101111010
11111101111101111011
11111101111101111100
11111101111101111101
11111101111101111110
11111101111101111111
11111101111111110001
11111101111111110011
11111101111111110101
11111101111111110111
11111101111111111000
11111101111111111001
11111101111111111010
11111101111111111011
11111101111111111100
11111101111111111101
11111101111111111110
11111101111111111111
11111110011011111001
11111110011011111011
11111110011011111101
11111110011011111111
11111110011111111001
11111110011111111011
11111110011111111101
11111110011111111111
11111110110001111110
11111110110001111111
11111110110011111110
11111110110011111111
11111110110101111110
11111110110101111111
11111110110111111110
11111110110111111111
11111110111000110001
11111110111000110011
11111110111000110101
11111110111000110111
11111110111000111001
11111110111000111011
11111110111000111101
11111110111000111111
11111110111001110001
11111110111001110011
11111110111001110101
11111110111001110111
11111110111001111000
11111110111001111001
11111110111001111010
11111110111001111011
11111110111001111100
11111110111001111101
11111110111001111110
11111110111001111111
11111110111010110001
11111110111010110011
11111110111010110101
11111110111010110111
11111110111010111001
11111110111010111011
11111110111010111101
11111110111010111111
11111110111011110001
11111110111011110011
11111110111011110101
11111110111011110111
11111110111011111000
11111110111011111001
11111110111011111010
11111110111011111011
11111110111011111100
11111110111011111101
11111110111011111110
11111110111011111111
11111110111100110001
11111110111100110011
11111110111100110101
11111110111100110111
11111110111100111001
11111110111100111011
11111110111100111101
11111110111100111111
11111110111101110001
11111110111101110011
11111110111101110101
11111110111101110111
11111110111101111000
11111110111101111001
11111110111101111010
11111110111101111011
11111110111101111100
11111110111101111101
11111110111101111110
11111110111101111111
11111110111110110001
11111110111110110011
11111110111110110101
11111110111110110111
11111110111110111001
11111110111110111011
11111110111110111101
11111110111110111111
11111110111111110001
11111110111111110011
11111110111111110101
11111110111111110111
11111110111111111000
11111110111111111001
11111110111111111010
11111110111111111011
11111110111111111100
11111110111111111101
11111110111111111110
11111110111111111111
11111111001011101101
11111111001011101111
11111111001011111101
11111111001011111111
11111111001111101101
11111111001111101111
11111111001111111101
11111111001111111111
11111111011011101001
11111111011011101011
11111111011011101101
11111111011011101111
11111111011011111001
11111111011011111011
11111111011011111101
11111111011011111111
11111111011111101001
11111111011111101011
11111111011111101101
11111111011111101111
11111111011111111001
11111111011111111011
11111111011111111101
11111111011111111111
11111111100001111111
11111111100011111111
11111111100101111111
11111111100111111111
11111111101001110101
11111111101001110111
11111111101001111101
11111111101001111111
11111111101011100101
11111111101011100111
11111111101011101101
11111111101011101111
11111111101011110101
11111111101011110111
11111111101011111101
11111111101011111111
11111111101101110101
11111111101101110111
11111111101101111101
11111111101101111111
11111111101111100101
11111111101111100111
11111111101111101101
11111111101111101111
11111111101111110101
11111111101111110111
11111111101111111101
11111111101111111111
11111111110001111110
11111111110001111111
11111111110011011111
11111111110011111110
11111111110011111111
11111111110101111110
11111111110101111111
11111111110111011111
11111111110111111110
11111111110111111111
11111111111000110001
11111111111000110011
11111111111000110101
11111111111000110111
11111111111000111001
11111111111000111011
11111111111000111101
11111111111000111111
11111111111001110001
11111111111001110011
11111111111001110101
11111111111001110111
11111111111001111000
11111111111001111001
11111111111001111010
11111111111001111011
11111111111001111100
11111111111001111101
11111111111001111110
11111111111001111111
11111111111010001001
11111111111010001011
11111111111010001101
11111111111010001111
11111111111010011001
11111111111010011011
11111111111010011101
11111111111010011111
11111111111010100001
11111111111010100011
11111111111010100101
11111111111010100111
11111111111010101001
11111111111010101011
11111111111010101101
11111111111010101111
11111111111010110001
11111111111010110011
11111111111010110101
11111111111010110111
11111111111010111001
11111111111010111011
11111111111010111101
11111111111010111111
11111111111011001001
11111111111011001011
11111111111011001101
11111111111011001111
11111111111011011001
11111111111011011011
11111111111011011101
11111111111011011111
11111111111011100001
11111111111011100011
11111111111011100101
11111111111011100111
11111111111011101000
11111111111011101001
11111111111011101010
11111111111011101011
11111111111011101100
11111111111011101101
11111111111011101110
11111111111011101111
11111111111011110001
11111111111011110011
11111111111011110101
11111111111011110111
11111111111011111000
11111111111011111001
11111111111011111010
11111111111011111011
11111111111011111100
11111111111011111101
11111111111011111110
11111111111011111111
11111111111100110001
11111111111100110011
11111111111100110101
11111111111100110111
11111111111100111001
11111111111100111011
11111111111100111101
11111111111100111111
11111111111101110001
11111111111101110011
11111111111101110101
11111111111101110111
11111111111101111000
11111111111101111001
11111111111101111010
11111111111101111011
11111111111101111100
11111111111101111101
11111111111101111110
11111111111101111111
11111111111110001001
11111111111110001011
11111111111110001101
11111111111110001111
11111111111110011001
11111111111110011011
11111111111110011101
11111111111110011111
11111111111110100001
11111111111110100011
11111111111110100101
11111111111110100111
11111111111110101001
11111111111110101011
11111111111110101101
11111111111110101111
11111111111110110001
11111111111110110011
11111111111110110101
11111111111110110111
11111111111110111001
11111111111110111011
11111111111110111101
11111111111110111111
11111111111111001001
11111111111111001011
11111111111111001101
11111111111111001111
11111111111111011001
11111111111111011011
11111111111111011101
11111111111111011111
11111111111111100001
11111111111111100011
11111111111111100101
11111111111111100111
11111111111111101000
11111111111111101001
11111111111111101010
11111111111111101011
11111111111111101100
11111111111111101101
11111111111111101110
11111111111111101111
11111111111111110001
11111111111111110011
11111111111111110101
11111111111111110111
11111111111111111000
11111111111111111001
11111111111111111010
11111111111111111011
11111111111111111100
11111111111111111101
11111111111111111110
11111111111111111111
1556 247
