32 89 17
Enumerate maximal matchings with cardinality at least 0.
A seed maximum matching: 00000000000000100000100000100000010010000001010010001000001000010000000001000000110000000
6422181
10439236
14163534
17230398
19853574
22365912
24635009
26561582
28387274
30118222
32291125
34057001
35541310
37075557
38385408
39833122
41049906
42241124
43247069
44360000
45482978
46580839
47547674
48417001
49221006
49881469
50648593
51368558
51949245
52637377
53503521
54215607
54915505
55478604
56005388
56473883
56966626
57411607
57852630
58298499
58669877
59039301
59324067
59637788
59989670
60344556
60601725
60892569
61083828
61252334
